2500
-2362725.1631484 -1625519.1412540
-2364521.7570872 -1623615.3325427
-2355225.9584563 -1631324.7799787
-2313861.3899628 -1604496.5203217
-2314653.8367808 -1594622.8481991
-2366752.0698368 -1581718.3120043
-2368204.7705977 -1584515.3216784
-2385754.2216526 -1610938.5979834
-2342255.9551141 -1564814.0690898
-2365144.5708965 -1576819.9412619
-2359104.5043187 -1568922.1966894
-2345933.7000675 -1564812.1545651
-2314620.8724340 -1500394.0502786
-2343098.4940820 -1572577.2975347
-2355969.4776917 -1582409.4685393
-2324151.1638434 -1496121.0861448
-2332041.4446530 -1453196.4693545
-2513466.2990298 -1486620.7941006
-2460490.3664978 -1476943.4838146
-2461949.9174898 -1491541.3417678
-2511595.2999063 -1485442.8446212
-2442286.0876977 -1433042.4148186
-2447473.0907196 -1429268.0691060
-2513423.4071919 -1486613.7658925
-2474376.9341122 -1483071.0468934
-2465311.6474295 -1484050.4875374
-2445607.5818548 -1430765.8591144
-2420550.7715722 -1441844.9245632
-2421662.2867144 -1441568.5817266
-2450282.7564538 -1426393.7269174
-2419468.9849073 -1442269.0948383
-2449016.5411420 -1427531.2930563
-2468409.9934850 -1480214.6157437
-2414756.8814148 -1445051.0710046
-2386297.6567919 -1456514.1123336
-2499007.0560525 -1479904.4325499
-2512538.2932596 -1486426.1708408
-2512014.3859558 -1485694.8841570
-2516910.1330682 -1484080.8878331
-2498648.6274503 -1475008.4437481
-2461782.4236346 -1437603.5103448
-2480791.2624182 -1496565.6515258
-2467847.8660149 -1463647.6304791
-2463671.1212113 -1465349.5883502
-2468880.6672356 -1463527.1498092
-2473314.5921843 -1464429.7322341
-2475529.1311792 -1465154.8800132
-2483727.4546102 -1469000.2874005
-2453330.4807141 -1471595.2936274
-2455064.0033323 -1470662.1232182
-2362864.7027801 -1625338.0515094
-2363434.3372467 -1624575.9911994
-2346170.3053585 -1633870.9551148
-2314139.2950231 -1612572.0739686
-2318157.4537964 -1580579.5620949
-2341226.0500757 -1615210.6340029
-2380345.4769970 -1450674.3189656
-2365168.7054645 -1616366.8540787
-2388354.9151939 -1548275.4128975
-2356980.0718571 -1569342.6134855
-2343553.8709968 -1570982.2222913
-2391087.4080107 -1554635.8035036
-2400068.7017979 -1439690.9971462
-2343249.8935559 -1574577.1094088
-2366954.7743895 -1581792.2526546
-2406330.7515847 -1502515.0309120
-2360296.1834417 -1473315.2339239
-2331362.6036303 -1454623.5937087
-2411853.9005481 -1448024.8358153
-2343319.3384459 -1482019.7401656
-2397588.3908163 -1567793.6200207
-2427277.5268752 -1442859.8383888
-2427245.9066376 -1442872.5779722
-2427495.8972396 -1442717.2928448
-2371358.1490491 -1476908.7561549
-2449837.6502104 -1475283.4641434
-2457642.5827663 -1477650.3936113
-2444366.2763879 -1431625.0792346
-2443424.6519681 -1432371.0684508
-2447741.7640403 -1429136.3607479
-2443536.4106618 -1432132.6519854
-2450002.6388954 -1426536.1337650
-2329126.7551827 -1505457.5470056
-2467786.9628231 -1480540.5272124
-2449614.3388773 -1475253.6646949
-2331474.5437755 -1454361.0491428
-2454142.8205954 -1471065.8883927
-2420586.7751118 -1474594.6426132
-2383555.7396322 -1466564.4350953
-2512067.2969874 -1485952.8107971
-2511546.6503700 -1486035.1490562
-2500890.6668454 -1410261.6637029
-2491839.7222404 -1411205.1056755
-2481272.5611562 -1496528.8135061
-2466312.6545245 -1464010.1102790
-2465231.6213272 -1464443.4469347
-2470657.0569781 -1463677.3636417
-2473628.3764489 -1464529.4435180
-2474526.0922289 -1464819.3475434
-2471923.4809776 -1463999.0399547
-2363946.3919130 -1624265.2872220
-2359177.6081678 -1628672.6979885
-2297537.3969331 -1668709.6033637
-2318628.5929686 -1567756.5600125
-2315499.6266681 -1623177.7899428
-2392996.3626808 -1488240.2006184
-2376545.4915909 -1448640.9124873
-2366639.6623548 -1580611.0950644
-2348370.7797028 -1579516.7229350
-2343665.3098321 -1570530.3383241
-2341820.0370010 -1564188.9637325
-2421303.3161981 -1505312.8095444
-2366576.3400644 -1580983.3226251
-2355777.7984571 -1582126.1213801
-2279631.0366283 -1459983.0119652
-2439491.0042471 -1552549.4032250
-2389123.3862824 -1469514.9481854
-2322783.0024324 -1496020.5781357
-2417133.0120465 -1539849.7728922
-2428375.8585354 -1442058.6470887
-2480359.5014526 -1467063.3061881
-2498894.6284675 -1475109.8009294
-2544165.0851447 -1503163.6875790
-2499303.7317575 -1475276.2086238
-2396452.7326577 -1569097.9392595
-2485138.7353290 -1482897.4306531
-2457374.1634917 -1475493.3971907
-2432095.1057690 -1462676.9043543
-2484746.5143226 -1432959.9971405
-2497435.6117789 -1482480.5834784
-2448209.7733138 -1428726.4864111
-2447986.1114151 -1428865.2060540
-2450050.4579384 -1426509.7217455
-2406849.0588149 -1444972.9431877
-2331070.6590154 -1455214.8042443
-2414087.4102798 -1446020.8025293
-2459179.8445951 -1496593.8672516
-2449698.6100132 -1475271.8938077
-2467472.5973309 -1481882.1383535
-2419929.5221271 -1442329.5895367
-2480254.9365550 -1499013.0061206
-2450977.4850697 -1472572.1760916
-2514175.2507035 -1482643.9275953
-2426182.3925384 -1443627.7592754
-2467843.5440162 -1459199.2065853
-2481381.7727739 -1496398.7584389
-2468309.9840226 -1463579.5638017
-2465864.0867380 -1464161.1283262
-2457202.4045263 -1469470.8804131
-2470722.3776176 -1479345.9766354
-2358722.4577687 -1629047.0057712
-2294552.6375371 -1672713.1579554
-2319723.1752151 -1557400.1879766
-2315114.4979891 -1611822.1321604
-2377108.1645487 -1459627.6129076
-2384455.2219772 -1475693.9945887
-2328360.7052638 -1596146.4663180
-2342361.4432035 -1564781.7476371
-2343921.4611501 -1569879.1918718
-2391327.9780853 -1555130.6913127
-2369671.7438383 -1479661.7116306
-2343119.1068308 -1571913.6006479
-2355784.6080182 -1582132.6442572
-2313256.2511614 -1451649.1504883
-2363668.5690938 -1472951.1390392
-2425006.8688515 -1525663.6075239
-2396800.9351009 -1569040.7368799
-2444956.1453402 -1431453.1734573
-2445758.5221336 -1430749.4349472
-2500200.9940525 -1475661.3761924
-2495232.9047950 -1473800.0947374
-2459411.6552339 -1470187.0202620
-2292698.5216486 -1454483.0385191
-2447601.6144932 -1429228.9512521
-2490229.9759666 -1489760.0956000
-2464849.8691536 -1483007.9205419
-2458212.3284806 -1477488.3881332
-2448329.0475371 -1474651.7418037
-2485061.5435334 -1436675.9493160
-2529139.6247841 -1487759.4486899
-2418372.1088541 -1463692.7054405
-2448205.8895646 -1428730.2647731
-2442903.9209852 -1432535.9629924
-2450538.9650975 -1426265.4352261
-2450395.2704638 -1426341.7830301
-2450322.2650721 -1426374.4661423
-2450692.5262138 -1426215.6589342
-2450698.0167523 -1426213.3505373
-2449891.3955252 -1426600.2799727
-2449983.4814756 -1426548.6076446
-2429014.1709955 -1440183.3778707
-2355132.7449156 -1438278.3135952
-2452196.8411833 -1475700.9046896
-2478772.5788613 -1499870.3625885
-2385064.0612775 -1456028.8228006
-2511970.2342150 -1485627.8933639
-2513277.1747166 -1481656.6292645
-2517617.5699544 -1484773.1853918
-2513054.0685758 -1487298.6209820
-2512060.0007775 -1485836.8178786
-2295902.5659717 -1669965.6283034
-2323923.0434624 -1548616.5097545
-2337878.5860285 -1609917.0975662
-2378366.3790403 -1448735.6146082
-2378720.1712682 -1450666.4140340
-2341855.5152434 -1505114.7085228
-2391603.0342674 -1555008.8703320
-2343380.4515542 -1571883.9178980
-2382643.7909070 -1519412.1523692
-2361220.2450931 -1473977.4748733
-2358026.1909027 -1569523.9498546
-2355753.0484254 -1581752.5045402
-2355807.3251580 -1583417.2612455
-2355553.8507623 -1438238.4295493
-2368615.7650343 -1463911.8245638
-2365516.8157582 -1472068.2372464
-2447603.6347997 -1429231.4578701
-2478605.7773905 -1499878.0856472
-2500768.0380358 -1475916.4061881
-2495845.8671398 -1474002.1839882
-2304788.6518335 -1500636.0470884
-2314855.5620804 -1503553.2902766
-2441442.4052394 -1433444.5238470
-2445707.4203711 -1430810.1150097
-2465952.6881818 -1480882.7851215
-2455417.3733203 -1476465.5409075
-2461886.2856306 -1476978.4744717
-2483648.0839584 -1487048.4597637
-2451599.4524552 -1471741.4040339
-2452729.0615803 -1471467.5828814
-2514769.7685521 -1482942.5146831
-2497952.9748464 -1481308.3497537
-2432167.2780264 -1438364.2201725
-2440634.0460643 -1433780.9567721
-2441788.1181227 -1433287.4129804
-2440394.7882064 -1433873.3522891
-2432934.2457327 -1437950.7521609
-2418689.2690949 -1463124.5320287
-2418401.1535147 -1463611.7231499
-2426267.2197763 -1443563.7599250
-2442827.2771754 -1432745.9268475
-2447744.7442875 -1429134.0435796
-2443176.9231397 -1432370.6876835
-2449905.0473460 -1426592.9641768
-2446896.6992960 -1429641.0547469
-2332026.3064480 -1453177.9096545
-2467132.0988295 -1481352.7663563
-2467567.7274549 -1481978.1032514
-2467147.5619380 -1481529.8044164
-2467771.7170103 -1480552.4438410
-2320734.4596148 -1572663.7846804
-2344179.4857579 -1508064.7460582
-2331269.7289917 -1498204.3948697
-2320117.6823939 -1496671.3723100
-2320118.5781393 -1496692.8062637
-2354869.3985346 -1625046.3435667
-2348353.0689810 -1579427.0795980
-2344489.9245370 -1564014.3296345
-2406483.7420174 -1505833.0492904
-2342801.2320500 -1572140.8834861
-2363748.4195154 -1578873.5947406
-2366886.3257556 -1581634.0597792
-2371648.2924945 -1449405.7652722
-2489362.4234356 -1471448.7188973
-2499358.4091855 -1475298.8391444
-2441002.7204205 -1433632.4875480
-2490996.9668151 -1472238.4029345
-2500938.4510320 -1475994.5936674
-2485742.1296211 -1482700.1171752
-2298323.8493903 -1467344.7866203
-2307353.8957514 -1459652.8376523
-2441315.6007774 -1433412.1267641
-2418450.9440594 -1463499.5206512
-2465991.8643132 -1480872.3125441
-2450146.6003356 -1475966.4786181
-2457191.4639349 -1477779.8547170
-2446627.9677361 -1481972.2644826
-2489840.0130423 -1412121.7545684
-2464531.8563966 -1441091.0228019
-2464615.6900425 -1437036.6411423
-2519288.3935960 -1485639.7375031
-2526472.6576063 -1487720.0938857
-2526361.2427607 -1487656.8560674
-2519442.5786471 -1486780.1574564
-2459161.6017321 -1440214.5105125
-2485825.9558332 -1433876.7651597
-2465163.9271384 -1441123.0391479
-2485020.5333635 -1424825.1013758
-2443094.1165037 -1478259.2931731
-2472291.8608479 -1477311.2512667
-2471748.5844203 -1477878.0686759
-2450457.4196940 -1484291.8878380
-2456089.0327956 -1462736.2710713
-2436618.5866293 -1471807.8853551
-2497844.1835517 -1483571.7560447
-2447305.9426441 -1429465.3508517
-2441066.2758654 -1433431.9395278
-2447964.2995250 -1428883.3979304
-2447194.1224360 -1429433.3593101
-2446548.1980827 -1429923.2836240
-2313648.7071200 -1503467.0111855
-2331866.4838587 -1497508.8624243
-2378779.1507663 -1574719.8083623
-2366798.6218582 -1581775.8200323
-2379673.4658873 -1450960.8757695
-2393195.6749233 -1558335.5243148
-2344183.4770955 -1569399.7559940
-2486136.9292518 -1430344.4256709
-2424206.0338813 -1511487.1909497
-2344466.0967231 -1578353.2321720
-2360548.2635256 -1584834.7207489
-2353174.2029217 -1583675.3836035
-2431256.9285688 -1438571.1175191
-2497966.1114130 -1474750.2956475
-2490405.8493395 -1471933.8400044
-2500740.0973115 -1475903.6410779
-2509121.2159495 -1479370.4260516
-2417243.8232098 -1509827.2447388
-2232154.1443187 -1553886.0618448
-2314499.1008235 -1468523.0213945
-2248644.7338101 -1561358.8654323
-2369128.2636602 -1464726.6835014
-2474661.6134772 -1491003.5413652
-2462736.0140258 -1484693.0452747
-2456058.5907294 -1476403.8015768
-2460690.3128785 -1477148.1103333
-2475668.2190727 -1477337.2521585
-2485263.4556896 -1484395.9110426
-2491185.5394329 -1411388.3648452
-2444935.7983515 -1467612.7999357
-2464825.0519427 -1440967.1360338
-2464417.9671280 -1441083.5958521
-2450093.5481777 -1447374.0254847
-2464703.8454810 -1494787.9654842
-2471814.2682392 -1487796.8129695
-2464711.3726462 -1476787.8055831
-2455526.8393524 -1477911.0674604
-2456135.2264046 -1476285.1770240
-2461937.9660517 -1484791.6143146
-2465841.0059273 -1482980.2535316
-2464410.6295840 -1482276.3882213
-2464427.5864859 -1482129.7220854
-2464599.3929579 -1482516.1324138
-2465800.8860578 -1484092.9834388
-2455811.4440103 -1476718.4346157
-2461041.5533694 -1477083.3678918
-2475462.6498982 -1486716.2519606
-2490427.8602449 -1432884.5441298
-2463774.9596040 -1440857.4172973
-2501732.1567919 -1410102.6670739
-2369975.8497838 -1546961.3930128
-2382246.8639875 -1612259.4277719
-2328721.8155248 -1630710.6522486
-2366456.5061519 -1581896.9798588
-2313384.8667461 -1503742.8354523
-2343530.5134190 -1564353.5248925
-2345886.6823083 -1564676.3945257
-2421846.5358602 -1513043.9151627
-2355083.8692924 -1584598.3214699
-2366644.6409882 -1581459.1985059
-2366934.5478190 -1581771.3806688
-2314698.3187062 -1453603.1446170
-2517277.8263922 -1485942.8690052
-2506987.6623754 -1478538.8245940
-2504012.8633774 -1477341.5371408
-2505736.4545032 -1478045.4744394
-2514777.7055389 -1482946.5855539
-2243835.9598049 -1569622.8725789
-2408443.8257877 -1446540.6070569
-2312783.6675608 -1469603.8071178
-2327118.1132863 -1456159.0122879
-2417227.3408323 -1510662.2026302
-2469491.8057694 -1479654.8557141
-2451242.0404436 -1482035.6850982
-2456263.1252531 -1476396.1679605
-2457810.1419729 -1477566.2331235
-2468594.3435358 -1477333.2214183
-2472158.0874801 -1477456.5402551
-2459143.8268714 -1487448.8404510
-2458677.1429715 -1474472.6951927
-2454176.5050028 -1475468.7446497
-2472592.8937189 -1487632.0815108
-2469332.7406805 -1477779.1738597
-2456541.4696103 -1477939.7564759
-2456147.6239029 -1476287.6599565
-2462253.3491994 -1484784.8748409
-2464934.0139443 -1482760.0454754
-2466317.7729858 -1480813.2592532
-2473642.8097617 -1482316.9239860
-2458444.3083278 -1477174.1508821
-2512216.3395179 -1486132.4188083
-2512141.7108843 -1485952.2764116
-2512152.3409726 -1485991.9059127
-2512069.8276683 -1485722.4616053
-2533108.1689216 -1487151.4525120
-2456706.2803181 -1490657.3373157
-2469511.0934194 -1479696.4486670
-2465343.4780877 -1481287.4793103
-2465844.2503389 -1481049.9604038
-2471092.5098545 -1480702.9095580
-2375073.3284023 -1616935.1929834
-2365932.2391325 -1621102.3012905
-2326844.5850442 -1497504.1141068
-2326732.1714512 -1497290.6075676
-2377491.0249125 -1572399.7746812
-2345055.5525998 -1577024.5287935
-2353239.9288847 -1474097.2275033
-2413240.2660338 -1486510.9869504
-2344629.9916479 -1578553.6248552
-2365232.5904554 -1581354.2899750
-2366944.4616674 -1581752.1758875
-2353202.2480449 -1583674.3376924
-2235507.7708534 -1553374.3268966
-2431530.2943875 -1438388.7515402
-2446145.5699023 -1430362.5525726
-2447475.4047541 -1429336.7179412
-2509342.6422321 -1479454.4786425
-2245817.4011617 -1577749.4639882
-2293250.6400937 -1449436.3812161
-2232846.4432416 -1553646.5882590
-2298922.7401602 -1465102.7249637
-2498698.9363296 -1475032.0218129
-2469536.4008739 -1471400.6474540
-2465117.0749888 -1484311.6575008
-2458311.8861863 -1475035.2965019
-2455364.4910809 -1476952.9041916
-2456017.0861003 -1477995.2418750
-2459066.2751885 -1477374.2688262
-2465076.5661149 -1476780.8110383
-2468115.9120604 -1477093.7406515
-2462875.2440434 -1476882.4144120
-2456100.1944702 -1477994.7204001
-2456545.8171959 -1475979.5526729
-2465882.8326086 -1484030.3777398
-2464534.0987932 -1481709.2740732
-2447294.8952585 -1480839.2287363
-2526089.5254783 -1487523.7071596
-2512143.6291638 -1485958.6337758
-2449723.7784779 -1472851.0614403
-2447628.8309750 -1429160.2737087
-2369708.9003797 -1454478.4441734
-2372748.3830265 -1475078.2996809
-2369496.4463225 -1467347.6307340
-2374341.2851086 -1471873.1716370
-2365310.0358535 -1477987.4584602
-2392630.7865233 -1466901.7982840
-2370820.1391747 -1491372.1111482
-2368795.5294972 -1482021.2064245
-2366649.7255811 -1479459.5714590
-2425010.5243931 -1576006.7929797
-2363249.9856419 -1624070.0509531
-2343694.2900098 -1624888.0988768
-2367544.5185053 -1584077.6387962
-2380537.3007617 -1450975.9789867
-2344386.0536853 -1564112.5154798
-2343621.7904806 -1574854.6975112
-2511375.9395797 -1486738.0567121
-2347967.4867951 -1449776.0670878
-2366634.2300333 -1581113.4807623
-2365266.8778712 -1581364.0791346
-2355723.7212573 -1582559.3602871
-2366759.4785999 -1581482.5482958
-2312473.4184809 -1452886.4318430
-2317974.8368594 -1468655.1451557
-2394165.0970796 -1461503.2961058
-2238174.4182639 -1572134.9867435
-2517490.1145242 -1485660.4492748
-2515103.0573077 -1483107.2646039
-2445387.0730779 -1431148.3908764
-2249241.7777642 -1574704.7337377
-2410583.8733213 -1451961.8136572
-2403997.8600159 -1427721.8205326
-2326952.8816462 -1459424.4071401
-2418954.8617687 -1550950.7703566
-2485572.3241678 -1481592.7668351
-2464986.7782147 -1482890.4558804
-2462652.1817799 -1484749.5059591
-2452383.3008560 -1482646.6667279
-2448323.2957020 -1475628.8563335
-2453178.2123439 -1476212.6946402
-2451501.1464755 -1482210.0423553
-2466323.1588723 -1483291.3085523
-2469383.2484539 -1479662.9879399
-2477156.6553708 -1433516.6490242
-2331353.1105199 -1454631.4844108
-2356074.6989806 -1438871.3401248
-2445314.1879646 -1408086.6032427
-2324156.0409790 -1469995.3722393
-2316072.3194610 -1468706.6157961
-2496876.5141387 -1474355.0897952
-2418785.5387609 -1573073.5215315
-2345785.1204849 -1442027.4828522
-2356910.4102853 -1533734.0603323
-2418837.5049972 -1537351.0601093
-2357133.5316216 -1439226.4151948
-2544070.4319552 -1503747.5295606
-2475371.0124431 -1465100.5444507
-2479647.9178021 -1496262.9073364
-2447532.9010886 -1429283.9351723
-2270982.0182301 -1462673.0161058
-2324898.0011555 -1496569.5680454
-2366527.1572538 -1581556.3314055
-2331858.1907931 -1498858.7464220
-2386233.8144012 -1601855.6280932
-2373439.2429563 -1526538.5566688
-2343390.2236027 -1571621.6585572
-2280580.3938860 -1453037.8789609
-2405020.7938339 -1461248.8455264
-2348638.9483487 -1583401.4721046
-2359475.5199228 -1570534.4638082
-2365208.9704402 -1581349.1535533
-2356064.6899546 -1582333.0366395
-2366531.1603047 -1581211.7223686
-2366899.4284000 -1581649.0391127
-2366831.1110732 -1581587.5564561
-2363895.9881096 -1581082.5413285
-2367203.4415325 -1582139.9767668
-2331905.9011203 -1453376.9630851
-2296649.0029590 -1454214.4054540
-2480593.7163552 -1467176.4964576
-2403996.3767334 -1428191.3756310
-2366438.8395357 -1581415.7723535
-2356089.9521162 -1583438.1827743
-2301757.2028041 -1494244.9469430
-2451191.4544495 -1411596.3735463
-2278443.9653175 -1449714.3678617
-2426173.3354220 -1443029.8237010
-2372532.9857882 -1474940.4255523
-2428541.9443669 -1440418.6733888
-2440922.9900673 -1433665.5504797
-2367567.3754237 -1452750.4863363
-2408019.1325766 -1448340.7585834
-2317676.9103085 -1468612.1988866
-2297035.6404051 -1465655.4978268
-2423215.2024882 -1511771.7430053
-2394043.0473118 -1495592.5910988
-2311918.9324674 -1505668.7390187
-2245595.7212836 -1568821.9798479
-2354814.4411733 -1576656.1839072
-2318317.1609408 -1469002.3420160
-2314026.6069053 -1492010.7163294
-2496590.9672225 -1474255.4209489
-2375122.5263279 -1468095.0021048
-2425379.9300996 -1443929.0336380
-2486009.0216180 -1429261.0146472
-2515495.1195423 -1486814.7088000
-2395356.2209382 -1480948.9884219
-2316789.8879325 -1468639.9479529
-2280439.0282385 -1452983.4879786
-2409055.0952849 -1450559.7724005
-2366614.1813701 -1581598.2387332
-2392215.1456238 -1489768.4778447
-2319241.1953908 -1497317.9506009
-2369152.0402431 -1617353.5098933
-2392732.2805701 -1557179.5757299
-2343684.0682955 -1570222.1489728
-2405463.3509392 -1503081.4754627
-2338105.7052739 -1479653.3361832
-2343442.3848248 -1457955.6045419
-2353334.9962793 -1584161.1465341
-2354616.2198186 -1576277.2567703
-2353276.3441816 -1579532.7448117
-2350449.1325036 -1581605.6173136
-2389544.1093753 -1513411.8427140
-2421517.2184726 -1441805.3222742
-2338697.8264930 -1473154.1475424
-2339142.1254646 -1469736.5588941
-2360429.5146754 -1582157.4145145
-2362090.3192080 -1582921.4285154
-2366912.7480947 -1581703.6891074
-2279819.5443467 -1451984.3116311
-2303810.2761214 -1463292.5446519
-2361896.8644183 -1582796.6850410
-2343170.0390767 -1569825.9095084
-2106604.3885280 -1525642.2262525
-2355223.6935635 -1584347.9347004
-2293416.2420947 -1456039.1053025
-2353021.8101694 -1583588.7914609
-2363529.9666591 -1579713.0771824
-2371412.0319588 -1594130.1883843
-2278308.5607243 -1447874.8383141
-2280348.9610524 -1459210.8487467
-2279509.2457406 -1460089.5432601
-2280493.4398564 -1459012.5595764
-2243291.0436067 -1561495.4505093
-2366336.6839351 -1529113.7429177
-2310914.1304090 -1505887.0370331
-2244070.1905990 -1563383.0886275
-2282589.4203683 -1449309.0496487
-2278931.6464235 -1450734.4905630
-2265770.3554411 -1430080.8523539
-2315922.8209872 -1468711.5706880
-2424861.3934981 -1444184.8059900
-2479433.9896166 -1466639.2262248
-2480377.1282121 -1467071.8361920
-2426045.9942376 -1443652.7303130
-2317917.6229245 -1469301.2706475
-2397917.9980200 -1468268.0277735
-2398138.5229279 -1468781.4631220
-2408441.3475106 -1488321.9245416
-2380683.7793521 -1450714.1182657
-2372783.7562289 -1594554.4862537
-2389277.1396638 -1603403.3904493
-2336594.5097550 -1559106.8153203
-2345781.2931728 -1564455.8813323
-2344560.4884418 -1568689.8024705
-2418256.3190134 -1443141.3917845
-2358953.0915763 -1473058.2819818
-2402734.7834459 -1489166.4255009
-2404181.2734730 -1458669.1274659
-2396174.8673729 -1434539.3171810
-2401626.0056953 -1464949.1639666
-2354336.2962388 -1471664.7457948
-2418597.4409897 -1509921.7554886
-2394086.4500445 -1560005.9083000
-2182075.7520548 -1569998.3911286
-2183089.6909633 -1569300.8420489
-2396675.3575510 -1568277.4829227
-2279153.4417111 -1448196.7998786
-2397032.1567470 -1560981.8013133
-2343105.3477383 -1570781.8180113
-2366866.6988945 -1581645.7536751
-2332149.1942259 -1452892.7427691
-2362588.0358993 -1581348.0289175
-2343232.9648840 -1569428.7828931
-2252201.2297301 -1476054.2982784
-2295717.5587206 -1580246.1688959
-2239923.3953917 -1643108.0355392
-2240075.2997398 -1642906.2940758
-2191101.6284918 -1699046.1604127
-2073169.9369300 -1517968.0751315
-2270669.1987940 -1461994.7961964
-2230688.0551675 -1554459.9918136
-2280214.5670810 -1459373.6890864
-2423281.5679882 -1511725.3843372
-2372737.8510698 -1517582.2270368
-2173048.3733162 -1530949.1679101
-2303320.3585017 -1497813.4995632
-2281042.9886027 -1457823.8663023
-2317974.5173647 -1469295.5273202
-2277519.0230702 -1460180.2371890
-2312250.5023882 -1468042.8836784
-2492380.8212779 -1472868.8476224
-2481068.2390039 -1498255.5828766
-2403998.8338998 -1428081.5952231
-2267754.8038497 -1435417.2456106
-2296666.1098580 -1490900.5430971
-2409818.8025071 -1450971.9434910
-2410563.1517841 -1451591.7684195
-2396744.3515476 -1465603.8268519
-2341274.7778665 -1625651.3239260
-2371481.6186292 -1618162.2831536
-2381784.4300563 -1527900.9518273
-2384005.2422075 -1541586.0320139
-2343540.0567390 -1570551.0285742
-2345874.4198084 -1564803.2552754
-2355994.9234357 -1485773.3440207
-2381489.0741053 -1485468.7397533
-2420392.0059007 -1509142.3392891
-2368844.7981896 -1479726.1709102
-2410798.2182920 -1450613.1871593
-2462843.5577770 -1438253.1010111
-2316031.8404975 -1505436.9359923
-2392971.0379256 -1554120.3013510
-2260385.9818362 -1504084.3860743
-2356133.7984967 -1570167.5750066
-2366950.7440755 -1581983.4779799
-2402767.5336970 -1434820.7964976
-2368041.4887809 -1583882.2866238
-2355044.5595049 -1476164.7685317
-2397068.6413296 -1497354.2511081
-2393036.6186153 -1570559.6410080
-2359990.6020950 -1578824.8933232
-2366803.4041709 -1581552.4068340
-2366669.2904697 -1581397.8991484
-2393112.4618261 -1554102.8486030
-2385225.3883016 -1506667.8437771
-2343119.8087207 -1571652.4952170
-2237848.2646862 -1552165.7350396
-2295728.7509842 -1595568.9334092
-2207502.7677526 -1647899.1036141
-2255373.7267666 -1613657.7277283
-2223276.5857613 -1522354.3956499
-2312681.8146938 -1505600.7078027
-2238255.7572072 -1566425.6346915
-2413541.3937052 -1510097.7051552
-2272672.1941652 -1550950.4503292
-2355307.1068387 -1579196.1197378
-2354448.3955548 -1582893.8906043
-2297865.0231997 -1445993.0019357
-2314208.7937844 -1454226.8521260
-2317113.1707138 -1468618.5012132
-2403994.0123020 -1427738.4362319
-2280673.0741134 -1448437.5896631
-2245049.5373482 -1473170.5969485
-2317304.0727101 -1468616.6861181
-2296490.5227421 -1492149.9283338
-2296551.7752228 -1491728.2523803
-2420735.4817925 -1508576.5037114
-2300391.5137683 -1471465.7133145
-2364395.3165818 -1575809.8966440
-2348020.4926005 -1551778.9561035
-2336328.9336462 -1561101.4451875
-2356686.1601405 -1546669.5145675
-2343796.5700027 -1569791.8360661
-2345886.1261192 -1564889.2082564
-2342984.4376278 -1568795.0981138
-2368126.2168009 -1584300.5309136
-2316943.0283206 -1498768.2038932
-2371951.6571096 -1502891.4080349
-2354767.1128945 -1575536.5645727
-2343524.4744780 -1567564.4087239
-2343420.8278942 -1570888.5136744
-2285070.7191071 -1592752.2169658
-2175307.7840094 -1575241.3107441
-2344548.2233198 -1567402.7713149
-2366622.0602949 -1580984.1895129
-2368966.5351033 -1585647.4005262
-2417872.8558680 -1509188.3273204
-2390060.6949094 -1490953.4864468
-2424473.9640622 -1507952.1299795
-2281120.6291228 -1454565.7362195
-2496312.4232893 -1486446.9121821
-2318914.5798985 -1504009.9966824
-2349197.7900249 -1581845.6081492
-2366916.7564724 -1581722.1298344
-2391481.6274201 -1518325.2206948
-2396312.1045474 -1568238.1582506
-2396916.4377817 -1567369.2494494
-2385251.4595940 -1506844.8807466
-2354484.8251000 -1576933.8192307
-2280515.5954319 -1453036.0397830
-2214571.3494240 -1579503.4593046
-2183052.2085221 -1685750.4144498
-2181152.0686258 -1507140.4919452
-2278264.8898682 -1461193.6642942
-2420652.1255478 -1512636.2620851
-2231232.1489441 -1554315.2306703
-2269533.2179896 -1542228.9458461
-2336954.7446407 -1440380.8170507
-2173391.2806830 -1539374.8689807
-2311101.4630923 -1464210.5881944
-2294292.1700523 -1458029.6721793
-2315334.7738405 -1468661.1370223
-2243538.1155097 -1471094.7231019
-2248338.8134294 -1573467.3098513
-2400577.8664315 -1475549.8328199
-2419033.2072754 -1510663.8943911
-2403595.3131533 -1428879.7684609
-2275047.2455298 -1475887.0840508
-2343242.9033091 -1567991.6294305
-2336387.2437820 -1562571.7774828
-2392694.6005429 -1557141.7097371
-2345948.3613372 -1565354.5120403
-2345104.5580394 -1567858.0293947
-2345773.7289403 -1564371.4321518
-2391138.5489632 -1554139.1303248
-2336300.7005870 -1561096.6237238
-2342721.7816672 -1570412.0124027
-2343422.6317678 -1568204.8320177
-2343420.1791338 -1567566.0424786
-2218943.8866256 -1542841.3497577
-2266695.2299396 -1582933.2136667
-2250745.4071138 -1475402.4299549
-2370606.8853262 -1593942.3725985
-2344539.1441783 -1567479.1638192
-2358947.1284616 -1569435.2194742
-2362534.7399963 -1602600.2608506
-2356996.2874322 -1581221.8210707
-2378783.2331867 -1447076.5691078
-2341009.0695168 -1462647.0940430
-2513776.9746013 -1488236.7313583
-2279631.6817364 -1448285.3910883
-2323953.9033620 -1504472.2023659
-2408515.2800874 -1452214.6424227
-2348521.0679483 -1483916.9771281
-2358412.8575876 -1584114.3189965
-2363245.7282893 -1581203.5023596
-2343066.6173774 -1570520.7852553
-2381835.5255554 -1528400.8309131
-2344736.7881926 -1580139.7600155
-2385398.0006042 -1506892.6147195
-2385187.3267212 -1506714.2047474
-2231112.6461285 -1558494.1518228
-2243370.1886353 -1561539.2668251
-2180713.4328483 -1685623.4251118
-2231514.7870808 -1554176.8896653
-2242463.7578153 -1558627.6377003
-2133864.5887921 -1519029.3567552
-2480423.4659976 -1498909.4252172
-2148444.6955337 -1517117.2775562
-2315602.8044798 -1468689.3330484
-2315962.1196123 -1468711.6026016
-2255357.8688302 -1426688.6365521
-2243845.6833462 -1562703.0915663
-2316052.3524437 -1468682.0833222
-2408236.0808758 -1449846.2055750
-2265212.9032195 -1477917.5708094
-2316407.7184048 -1468667.5897528
-2318277.8861696 -1468681.7189589
-2372274.5290361 -1528188.2381940
-2392940.4609482 -1557799.8053027
-2342180.9348216 -1564799.1146409
-2345837.3235525 -1566294.1003356
-2345922.4605985 -1565131.5346058
-2343209.1404829 -1564458.8023803
-2391651.9254664 -1555139.0395933
-2342783.2281576 -1568369.6613981
-2343529.7847761 -1567881.6744035
-2342144.7635593 -1568806.1263030
-2286696.4890308 -1584212.6656344
-2254566.6027105 -1591135.3875663
-2263757.5253300 -1585659.5404751
-2357060.3260248 -1581143.5790290
-2382700.9192691 -1449835.4802330
-2344690.0126998 -1567301.3708152
-2357750.8743224 -1569506.6948810
-2360775.9813907 -1603286.6769793
-2418697.6152219 -1510263.5264420
-2361468.4251318 -1572279.5905147
-2418673.0718767 -1510278.1928498
-2376372.5664360 -1495515.6895096
-2353901.0420353 -1473428.3290733
-2516995.9625950 -1489566.6114011
-2488174.8801133 -1471276.5695345
-2280847.3820385 -1453749.2343781
-2357766.0935090 -1569502.5041990
-2343078.0433791 -1570249.0424247
-2363939.0431343 -1581248.7080735
-2364403.1443951 -1581254.7081909
-2359636.9003973 -1570722.2892992
-2368116.9032952 -1480702.8257827
-2361276.4413562 -1581017.9169848
-2345225.1138804 -1581947.6577725
-2378007.1117846 -1501102.9969494
-2367216.9350791 -1582251.9880846
-2265817.7444700 -1477101.7885178
-2138723.7842675 -1414810.9529871
-2271650.9558870 -1551763.7031656
-2374375.8964572 -1514639.1914386
-2313118.6799835 -1469694.3681764
-2181515.8245403 -1536086.0531032
-2318526.7613233 -1468675.7985973
-2251170.8021626 -1475035.7396026
-2243940.4241716 -1562821.2296837
-2243824.1747540 -1562556.4905340
-2402743.0689852 -1434457.2833867
-2419155.0087749 -1455198.5908536
-2242790.8233820 -1565991.1541844
-2317907.1404787 -1468659.7604455
-2394991.4329694 -1563970.9896329
-2390903.2682052 -1553683.7314736
-2342828.0533319 -1564615.6431998
-2343732.8478235 -1564300.8178367
-2341951.1638383 -1564797.7014357
-2392611.5860917 -1557038.4051900
-2342645.3824323 -1571640.5691425
-2343474.8887903 -1567615.5173968
-2383820.3374998 -1525019.6210580
-2173069.6756392 -1539361.0600993
-2184860.5623984 -1567486.7472554
-2266979.9399238 -1582698.0611989
-2182830.3522570 -1569180.7585692
-2370260.2197852 -1593886.9006365
-2398399.4301548 -1492794.0655371
-2344603.9106897 -1567602.7321085
-2356287.9622405 -1569985.2735236
-2362346.4805426 -1602672.4305618
-2366993.8858181 -1582054.2828993
-2366569.7923045 -1581543.0946781
-2382336.1755202 -1450075.9935490
-2419597.8905366 -1510762.9660918
-2358498.7222052 -1569416.1696742
-2353722.2315972 -1577588.7357209
-2278423.8091117 -1449341.2775514
-2514283.6564483 -1487463.4615420
-2385788.9228184 -1486988.5546798
-2353104.7918977 -1488581.5319969
-2420306.6376467 -1505032.9959122
-2342913.5002220 -1570590.8030918
-2345407.8296738 -1579447.3412116
-2344275.8189153 -1578454.3210201
-2391441.5731547 -1520793.4938221
-2357145.6402766 -1585472.9061009
-2354705.1550508 -1576018.6912369
-2345259.3126971 -1580972.7240264
-2348068.0526100 -1541135.6552827
-2404683.8704397 -1445224.0948432
-2183449.1024562 -1626575.8203153
-2150136.3738237 -1447862.6850472
-2374251.5906182 -1512316.0613299
-2316488.9450988 -1469818.4470778
-2128488.1200754 -1520831.7274326
-2173461.1728628 -1539372.7293494
-2249114.9154544 -1468691.1208031
-2314684.8019147 -1468492.7220863
-2237206.3244506 -1552274.2592631
-2299615.6146859 -1496759.6154978
-2406188.8734124 -1492752.0083326
-2233009.0100710 -1553469.3212298
-2369465.1346966 -1532729.3887294
-2382299.4746506 -1519856.4792375
-2341537.9058916 -1570302.0799055
-2343250.7105273 -1568380.4985431
-2342703.1774328 -1573662.3233898
-2343516.5162233 -1567742.6410674
-2339230.6629569 -1569565.3618870
-2366186.3516077 -1579583.0374618
-2285459.8463038 -1595475.7602638
-2251390.7077530 -1476096.7373319
-2266202.9783850 -1583385.5596752
-2266807.0349389 -1552521.2549748
-2027223.3575144 -1495773.4551534
-2366527.4979439 -1581519.8689282
-2330408.6451275 -1498059.5917608
-2344261.2597391 -1568166.6942951
-2354432.7155674 -1576035.1435494
-2366831.9197305 -1581804.7780553
-2361350.1469377 -1603031.6105912
-2361855.0794140 -1602827.4383450
-2354569.9456618 -1575179.9281000
-2382889.9642714 -1449086.9961407
-2418674.6630143 -1510207.6954185
-2382984.4160328 -1449523.4954602
-2375452.4296375 -1500113.1497778
-2419550.2413876 -1459948.0232398
-2424610.3341877 -1508604.8375731
-2416178.9443721 -1502721.0676650
-2417675.8837541 -1511254.1461902
-2413968.3893882 -1446159.4050017
-2382195.6501044 -1470132.9719147
-2444113.8778429 -1431779.0424883
-2342965.5547780 -1570206.0627802
-2343025.4934723 -1573333.5366532
-2436904.1217332 -1435205.9875047
-2343054.6286847 -1573393.4328769
-2343721.1386803 -1577660.5706485
-2344876.4863648 -1580368.1209336
-2342817.5976263 -1571268.9711055
-2133581.0291810 -1519087.1089166
-2115030.9466983 -1470449.3262538
-2242104.1498007 -1557373.9371272
-2278534.9861709 -1447994.4173561
-2307429.3281145 -1500717.5519667
-2236418.9759531 -1472417.4020154
-2241335.1283706 -1470008.8118858
-2312557.9877385 -1468082.4570377
-2287750.2506208 -1450628.4048865
-2229631.0094972 -1556355.4850139
-2311158.2422062 -1465175.2864356
-2343403.2027993 -1568181.4277961
-2343507.8418141 -1567865.4299827
-2343475.2337640 -1567739.0683584
-2343424.6984261 -1567673.4845606
-2343142.4551726 -1567869.5146152
-2374601.7958723 -1525936.1876667
-2219006.7982558 -1542779.8307041
-2292355.2314412 -1506834.5111570
-2293524.2029755 -1589168.3029826
-2080302.6114082 -1509382.0161346
-2259623.5307428 -1561996.8143681
-2177073.3623692 -1580295.2510825
-2088157.4377567 -1502983.5019262
-2369658.6051874 -1593900.6815081
-2331523.6166613 -1498243.6632692
-2343850.4514107 -1568808.0045143
-2354189.6127882 -1577290.5202047
-2369211.0214622 -1585921.4727016
-2359562.1887590 -1604064.8152427
-2361124.2622685 -1603127.7493370
-2354310.4890821 -1577805.8644385
-2351286.8771253 -1581089.0674663
-2400021.6612852 -1491562.1208714
-2381573.9839348 -1451021.4109285
-2322700.9331403 -1495540.4760221
-2348443.0166822 -1514847.7151677
-2372554.3963727 -1512461.4367298
-2361419.0201178 -1483388.6710222
-2418889.5136629 -1502493.0045681
-2333520.1576919 -1508732.5351849
-2355547.0957857 -1487684.7136594
-2394194.6318084 -1476006.8922023
-2350125.6915409 -1585504.0665562
-2343881.6474662 -1577132.9852770
-2342804.4472466 -1571747.6396366
-2391244.7729843 -1521336.8997393
-2394807.6151050 -1569871.8416728
-2344769.9092212 -1580195.2423469
-2343536.3643616 -1577070.7024838
-2355013.2144541 -1579365.3488820
-2343227.0991623 -1569547.7071856
-2306645.3529656 -1533679.2802814
-2269055.5107337 -1639940.3454095
-2369541.1125568 -1508939.4683804
-2312292.9348122 -1506263.1048786
-2480631.8702264 -1390472.7183438
-2114675.8997817 -1523581.0588302
-2113128.0233615 -1522790.4842562
-2166238.7121273 -1541715.8712749
-2231084.0870887 -1554360.1936248
-2343215.4046230 -1567842.5470673
-2345417.1261627 -1553173.0054395
-2395364.8209792 -1565777.9821112
-2369711.2205016 -1586395.8248352
-2244639.4062645 -1565480.6333562
-2279509.0632824 -1590559.3262692
-2295122.3619612 -1510007.7374388
-2289474.2352738 -1511136.4085241
-2182354.9405067 -1567177.7599019
-2173339.0785489 -1539346.2588686
-2183755.0689449 -1660984.7843854
-2177652.5469700 -1571774.6828054
-2119845.0628288 -1453813.0123249
-2368180.2660523 -1511252.7613306
-2378859.5286791 -1452135.4000383
-2344291.4810496 -1568120.4564785
-2354228.9391943 -1577872.3105862
-2367238.6843291 -1582156.5289652
-2366714.8032071 -1581667.4274442
-2367625.1520702 -1582952.2881202
-2354114.9624673 -1577951.5539154
-2354137.6730874 -1577990.7535378
-2343106.0484731 -1572388.6977858
-2344265.1676488 -1568161.4202295
-2331718.7712321 -1498455.1159400
-2377519.0337936 -1447139.9094782
-2359260.6889782 -1569507.7420650
-2363337.6189600 -1527794.5804750
-2354007.1865493 -1577138.7254605
-2410880.3085384 -1452487.8829163
-2418620.6251779 -1513459.6470302
-2408767.2987015 -1451547.1461810
-2411387.8614926 -1452930.6666505
-2420661.4539586 -1509320.0286960
-2348227.1171400 -1545511.7049070
-2343064.6836383 -1570400.5349749
-2343198.9250177 -1574001.5299076
-2343038.2950769 -1570535.1155754
-2354911.8732675 -1574109.8510024
-2343252.8874911 -1569440.2153686
-2354025.6774902 -1581240.1838016
-2366016.5359127 -1581575.2649119
-2290720.0093623 -1600605.3929694
-2181316.8339448 -1610647.3782033
-2309872.3599245 -1552421.9302848
-2273248.2303905 -1462531.5588525
-2276157.7948974 -1462779.5066349
-2173265.7658045 -1539219.8051777
-2299409.0228809 -1468392.9445883
-2332802.5622079 -1445833.5193258
-2245260.8285637 -1566708.2609004
-2246511.5376900 -1570679.0527835
-2219005.6868064 -1542754.3471596
-2180554.5113764 -1608091.6947284
-2295643.7441762 -1507772.0529729
-2294822.4863009 -1508555.2997973
-2239532.2348121 -1481046.1965958
-2294728.8495869 -1509207.0146873
-2277056.4015455 -1593914.6186777
-2262315.3302896 -1514704.7150999
-2173000.2232113 -1530754.9285324
-2187513.9579728 -1578552.1989908
-2178683.4835525 -1516873.2977757
-2354759.2702152 -1575674.2264151
-2409545.9825955 -1498176.8927406
-2344619.2120814 -1567187.7265032
-2351566.0507155 -1580858.7467814
-2358862.1907718 -1569433.2874612
-2366444.5400243 -1580542.0266766
-2354156.8507933 -1577888.4592949
-2343416.8390788 -1569950.4048435
-2344439.5650035 -1567658.4156656
-2316729.4517181 -1498926.9744951
-2318614.7164341 -1497648.5890067
-2344460.0405996 -1567620.9762620
-2324873.4036462 -1496416.5658188
-2396356.0632227 -1490996.0274470
-2354052.4416054 -1578004.2581719
-2366185.2722632 -1524009.4584177
-2314661.2597002 -1504997.0918975
-2349944.0086516 -1453781.5681313
-2411265.4333654 -1452849.6932232
-2419318.8972984 -1461273.4815530
-2398875.4078345 -1449827.3830249
-2369715.7998078 -1586559.1927118
-2359524.1169298 -1581186.3435710
-2368625.5165221 -1481341.9611268
-2343166.9131301 -1573766.6793065
-2388696.3594383 -1512190.2916137
-2343034.9905080 -1572040.1164975
-2343344.4994438 -1569279.6979203
-2343085.5251764 -1569617.0763834
-2343233.1573375 -1570813.7291111
-2220079.2444938 -1527792.4241085
-2179518.1664747 -1569020.3575450
-2247936.7720295 -1440417.1138701
-2273363.3376059 -1671633.4251947
-2194773.4396030 -1591804.7245180
-2254380.7166354 -1591247.7862383
-2262683.1512017 -1586643.0317907
-2354824.0441372 -1575011.4455605
-2237261.6083468 -1552582.9659211
-2239730.4041549 -1552844.3999699
-2218788.5671416 -1542796.9951136
-2292770.4304279 -1506886.3122580
-2238272.7169193 -1480598.8035104
-2222557.9790951 -1615951.5824078
-2273839.6436329 -1537491.5724446
-2288726.4424135 -1510726.2302174
-2293100.9461319 -1580599.7127827
-2176235.6742064 -1651955.7885311
-2118261.6138026 -1450331.9616159
-2086112.4999624 -1507322.5439234
-2357224.5760538 -1581649.4700638
-2378571.4149005 -1451711.6425108
-2382006.7241885 -1469805.9185550
-2343816.6502069 -1568870.7175585
-2354127.7755911 -1577914.8955686
-2351611.6269043 -1580825.3431714
-2344579.1713138 -1567399.1929965
-2329223.0761267 -1497555.3862425
-2391701.7438894 -1483444.2011555
-2382163.3131889 -1450157.9358751
-2382242.5682297 -1448456.7386391
-2379365.1746494 -1451897.5067931
-2382609.0683035 -1449914.9326216
-2337966.5481338 -1503136.6123103
-2401307.8866700 -1501942.9863543
-2367323.7510981 -1582695.6816417
-2315837.4017823 -1505581.0107700
-2353753.6373967 -1577566.6280285
-2346014.3530316 -1493211.3136169
-2332014.7377484 -1453240.6028806
-2390450.0534890 -1487888.5480191
-2389018.5954370 -1488600.0195699
-2393380.1629121 -1570147.9174158
-2384212.7099078 -1505248.7066183
-2354931.8723071 -1438313.7777887
-2388046.9083398 -1511112.5026654
-2342888.7810850 -1570724.9981125
-2370720.9580986 -1506649.5531449
-2354846.3835899 -1577905.5333291
-2345494.8952119 -1580000.3366882
-2362461.4379780 -1575059.6567173
-2343134.3977841 -1573997.0528940
-2171576.2133928 -1526401.8317907
-2293147.9936632 -1575766.0395542
-2323223.8312911 -1495304.3097726
-2172143.1017687 -1456692.9217941
-2123247.3756486 -1504661.1089729
-2367860.0530828 -1596914.8331886
-2366902.4317977 -1581918.4701340
-2317210.2932391 -1498368.9904045
-2218957.1280092 -1542612.7700146
-2200062.4886363 -1628824.0829727
-2158383.8408925 -1524595.0274214
-2221518.6696485 -1604948.6274910
-2293397.9870742 -1506968.2370177
-2293851.0315428 -1506994.6908576
-2292818.6296024 -1506825.0033071
-2170999.0736093 -1593843.4276674
-2131247.9653273 -1521646.8294895
-2059999.6270058 -1517528.2868704
-2174726.0126945 -1578839.2851195
-2343479.1791797 -1575391.3827789
-2375181.7194565 -1448106.4933591
-2318564.8075625 -1497643.9908545
-2344780.9446204 -1567164.7075614
-2331719.9821094 -1498474.7939402
-2381690.9815021 -1450731.5779615
-2321079.9963198 -1496118.3056584
-2322633.9863179 -1495494.6934251
-2322678.8033081 -1495478.2112743
-2321967.6595440 -1495813.3743482
-2421012.3347517 -1510466.2442587
-2323915.1385410 -1494463.1984377
-2327053.2911337 -1497435.9518838
-2359158.9761595 -1569458.2847602
-2314649.1041181 -1504880.3769236
-2366822.4382436 -1581350.6979894
-2318486.1191782 -1497726.2258806
-2369501.0459219 -1586314.1693837
-2515402.8140785 -1486766.9894259
-2422113.8293886 -1448902.3081578
-2384360.6364210 -1450771.8003257
-2393893.5431535 -1568636.1288491
-2359976.8314643 -1580897.5830989
-2394608.4231014 -1569483.9130812
-2395626.3094309 -1568704.5983903
-2419740.2166629 -1442422.5963643
-2349674.0957651 -1475521.7465369
-2381360.4069767 -1501807.9138071
-2358469.6609834 -1578901.8449740
-2349564.7917589 -1581852.3188438
-2343136.5702929 -1569454.4233192
-2358334.8556043 -1578632.6042949
-2344573.9183027 -1578854.4165325
-2343302.0478105 -1574870.9736948
-2060180.3975468 -1530103.3087067
-2275643.7745687 -1592559.7162699
-2242906.3257838 -1560268.3806980
-2379932.9035906 -1448078.8050367
-2339033.7582675 -1639771.3782793
-2357131.3402335 -1499381.3715832
-2259140.3130442 -1510748.3746074
-2157325.7794817 -1520457.6840927
-2180893.1181840 -1581538.0397218
-2194948.3665433 -1580062.6639577
-2294701.0378732 -1509261.9919000
-2215076.6266972 -1603256.6952056
-2293517.9922305 -1506817.0081383
-2173176.9436981 -1538876.1624507
-2160689.9079031 -1531142.3461482
-2088482.1120938 -1502961.8380321
-2105176.1698648 -1522220.8261814
-2370703.9145409 -1593954.6237192
-2334724.8182681 -1509411.9072635
-2376279.8209591 -1448072.3768244
-2419746.8531502 -1510777.5499037
-2382620.7556030 -1486084.9846426
-2421107.6232120 -1509183.5125237
-2422922.6452676 -1507838.9605230
-2419252.0107964 -1510684.6859078
-2342549.5510072 -1506133.2180161
-2367187.5308925 -1583399.7856658
-2366926.3162312 -1581958.2403547
-2383015.4845462 -1451758.8233243
-2386792.0332963 -1488471.6234534
-2419191.3229757 -1510665.2653142
-2322456.1504561 -1495613.4994531
-2368713.6213117 -1585218.5436166
-2378075.7951401 -1509657.6972097
-2409669.1014708 -1447279.9049254
-2383020.5083480 -1449463.5536972
-2383890.4742768 -1450871.8139503
-2385030.5386883 -1506772.4912719
-2356734.9613226 -1581350.8421833
-2343080.9283268 -1569226.7983271
-2384129.9410870 -1505157.6507373
-2395873.5844664 -1558463.0034432
-2342826.2090372 -1573421.5358787
-2396207.3418120 -1568157.9934472
-2345150.4369922 -1581543.2016205
-2343038.8355771 -1571617.3935586
-2356129.3815363 -1577524.1857889
-2354773.3261319 -1575041.8255578
-2354809.5900460 -1577847.7152534
-2365333.5513401 -1579093.6170398
-2343256.1481225 -1569438.0229015
-2343277.7043066 -1569460.9430677
-2232657.1758040 -1549233.8082133
-2342727.7263699 -1564874.8938551
-2359719.3555515 -1626815.1014224
-2321922.1148258 -1495791.8504796
-2214989.6682962 -1548365.7001612
-2243975.8960974 -1484617.3712241
-2106714.2129433 -1519287.1000325
-2115413.1492454 -1530886.9993635
-2217560.0078430 -1636885.3892457
-2295027.4558281 -1508811.8953749
-2302981.7564858 -1619916.6002161
-2296171.9352173 -1509152.6204835
-2163166.8974785 -1646742.0615391
-2104658.6247103 -1522252.0016260
-2174918.2018956 -1576686.2362540
-2177146.7330474 -1537778.3615918
-2377927.5500840 -1448082.8662636
-2358476.7627626 -1569441.6868652
-2328862.5293660 -1506535.2881775
-2323923.1724533 -1494077.3602355
-2383102.2001231 -1449296.9209192
-2399646.0742620 -1493713.2063365
-2328803.4614574 -1497544.7549647
-2366488.9933195 -1582028.6320299
-2388658.7948865 -1490422.2237930
-2366540.0626962 -1582324.6394028
-2369606.7479559 -1593922.6175153
-2366372.7939273 -1581844.5540300
-2366569.8133005 -1582442.2032784
-2367435.0604526 -1597794.9233761
-2367954.1648739 -1528342.0542224
-2304551.0092586 -1507085.1494535
-2361934.9822265 -1602823.4809708
-2372030.6741993 -1590993.8274879
-2375809.9175105 -1495869.2787412
-2354717.4955987 -1576366.7685241
-2344331.2564543 -1567814.9771983
-2395980.9600721 -1567729.9303517
-2345088.9722384 -1580755.2542187
-2441192.3681220 -1433553.4264439
-2343252.7439804 -1575947.2644146
-2394714.5994703 -1569929.7251045
-2394111.9039165 -1555579.2719872
-2343257.7784105 -1569172.8195937
-2354796.4910695 -1579808.2561696
-2355126.2211769 -1574528.1716779
-2362925.2220045 -1575527.2480591
-2355087.5465389 -1573285.2396439
-2343168.0781780 -1573847.0289436
-2354908.0581875 -1578223.1179278
-2410435.7523585 -1498135.4635001
-2349193.7228347 -1630258.3417046
-2325475.0697253 -1496919.9358691
-2331488.2736551 -1497672.4620083
-2239556.3509518 -1552615.6511124
-2204077.4532767 -1577374.8319726
-2110564.5964966 -1518317.1693875
-2210911.0724614 -1641241.6467890
-2290425.4150675 -1511221.3084447
-2211524.9992992 -1639823.3745122
-2313217.5218522 -1566262.9053431
-2244631.0702990 -1680279.0667910
-2292032.6395230 -1510904.9818206
-2212604.1558820 -1604770.6905942
-2272623.0609953 -1484233.9966547
-2122023.0494672 -1526442.0227261
-2121432.1806196 -1451682.6685010
-2182304.3812842 -1568097.2389343
-2272067.5695821 -1533369.8394165
-2367364.0078096 -1582754.0890908
-2367035.0843390 -1583254.9970232
-2366644.8309687 -1581050.5071163
-2323803.3525441 -1493999.9936315
-2343512.4200604 -1569615.2367072
-2359644.4910745 -1603981.8917008
-2354808.0919919 -1575037.8029960
-2243891.4119994 -1562984.0185137
-2302381.5549172 -1508033.4142080
-2394220.4610683 -1566733.9389452
-2322710.0714832 -1495486.3667363
-2366418.2780710 -1582041.6403044
-2370057.3858327 -1587779.1075327
-2365658.1871288 -1524698.6460857
-2369662.8640418 -1586564.9964061
-2318258.9937390 -1497859.0517823
-2354954.0454448 -1578136.1211971
-2343658.2484634 -1568215.0663552
-2345342.6913692 -1581318.2164676
-2413968.1260335 -1446132.5417124
-2383930.6161449 -1504701.5813491
-2373403.1110325 -1483764.3280220
-2356407.6579222 -1585263.4922498
-2394730.9673145 -1569935.8880999
-2395473.0170379 -1568935.8860863
-2396206.5003361 -1568156.3235795
-2396279.7531140 -1568102.3294438
-2396079.9468747 -1568257.4044913
-2395442.7203347 -1568964.7161802
-2395707.7458799 -1568643.6705704
-2344548.1985968 -1578493.4573157
-2366744.9724304 -1581716.4940469
-2366659.5836673 -1580795.6889956
-2379689.4282051 -1449102.4452241
-2354058.5723883 -1578186.4526319
-2215524.6251948 -1546275.2785763
-2215220.7186192 -1548961.3101490
-2174637.6006256 -1594009.2781577
-2208263.7220431 -1641905.8219812
-2295025.1293376 -1508823.7664680
-2363974.2137592 -1516129.6095853
-2307643.0726353 -1610560.5452502
-2304722.0295987 -1614231.4506876
-2296116.3836713 -1508665.8615764
-2243139.7785488 -1560755.6276778
-2146461.5451441 -1515553.6376918
-2167348.4588090 -1523350.8673911
-2173387.2819213 -1539373.3859553
-2102222.3924918 -1525978.3734687
-2173109.5579143 -1539583.9041590
-2178655.8128111 -1570971.7572326
-2104628.1778325 -1522257.5972997
-2295399.9471149 -1510455.6991553
-2366475.0733972 -1582074.9835878
-2343490.8467970 -1505851.7700394
-2356575.1132312 -1580833.1470517
-2101015.2887514 -1524937.8964711
-2175262.6982966 -1575514.7623192
-2105936.1985342 -1524111.1427072
-2267581.0308239 -1552798.9645609
-2383390.3798662 -1504440.2176891
-2410547.8647123 -1496885.7771293
-2377572.1079859 -1447092.3762971
-2371360.8518333 -1517379.3707130
-2396252.6766423 -1567408.3771472
-2354743.5023634 -1576096.2384919
-2343476.7946556 -1507210.9333065
-2384049.6786796 -1505077.1489840
-2345874.4202145 -1583345.6899141
-2397469.8951600 -1563883.4832379
-2394825.4395144 -1569599.4442482
-2343096.3254629 -1569561.6819569
-2396871.0874377 -1567281.6190943
-2395362.1125084 -1569035.6606034
-2394422.5632981 -1569940.7714055
-2394787.7429746 -1569656.9103381
-2395511.7049828 -1568886.5870248
-2389177.0780825 -1513234.5629245
-2362007.2211086 -1574051.9743650
-2314987.6698964 -1456283.5389335
-2165286.5710076 -1429464.1016680
-2145974.0543741 -1668840.4817010
-2149438.3076517 -1670577.5736117
-2316706.5892021 -1498754.4424904
-2373152.6887044 -1450489.5315188
-2326039.4491290 -1493647.5761878
-2246337.8109928 -1569910.7833811
-2235573.7797439 -1480109.3593099
-2152361.6487555 -1518079.4462337
-2334827.8909376 -1527847.8048339
-2303540.9527648 -1508591.3288696
-2296011.8071987 -1509691.7563635
-2312413.0200643 -1562525.5849497
-2251025.2722549 -1634872.0058239
-2215506.3355690 -1601295.5209765
-2173281.2238051 -1539305.1096147
-2120185.3704885 -1449034.9826893
-2241451.1934436 -1554893.4346126
-2249026.3723599 -1567983.7491636
-2174767.2983750 -1579780.2650442
-2121356.9381765 -1523144.0065711
-2184793.8221982 -1566136.7185814
-2175011.4967602 -1576921.8834982
-2260470.5811974 -1479906.3926540
-2402086.9525584 -1438114.5661066
-2186589.0616604 -1566916.7468352
-2179829.9151785 -1569936.1877708
-2185330.6541413 -1567941.6191352
-2171776.6395762 -1527407.7874285
-2297091.5660424 -1465584.7060221
-2354779.5988245 -1575371.0304720
-2368152.6896088 -1521181.2001208
-2376660.7688257 -1542969.7993673
-2356213.3645178 -1534097.3584221
-2344669.5375872 -1566736.5632755
-2354805.7510511 -1577103.1954804
-2383685.3104908 -1504675.5530482
-2446539.4571347 -1429944.8093994
-2393862.7607913 -1570235.4783026
-2343927.1004225 -1577296.8232157
-2354736.6998145 -1575395.2631247
-2350288.8851110 -1582053.4609776
-2352047.3375624 -1581693.9021246
-2360427.1693650 -1572079.8932630
-2354692.9855816 -1578447.4268704
-2350032.8295711 -1581918.2958221
-2355107.7538239 -1578995.7353896
-2343285.9865296 -1569069.7939206
-2214092.3253677 -1496131.4445456
-2213211.5259669 -1441224.8220626
-2419748.1744827 -1510726.3700695
-2336821.1187130 -1602207.2770440
-2141352.9143521 -1637060.5669430
-2218666.3761830 -1539938.3269728
-2297460.5295788 -1510844.0251134
-2324042.8112316 -1495089.3384505
-2245327.3069346 -1566534.2440019
-2295590.5433446 -1507790.6620508
-2186517.6091151 -1602959.0520649
-2304623.5276719 -1507162.0125104
-2210984.9204387 -1602373.4460500
-2316241.3833084 -1506108.5624811
-2312839.9155366 -1561877.0266399
-2256120.9605670 -1620740.6996772
-2295200.3605634 -1510107.8588508
-2362376.6060441 -1583017.6569224
-2126335.8921020 -1526499.9664109
-2267861.1518141 -1551606.2569721
-2357019.2835514 -1581209.0873424
-2366244.4887682 -1495104.9948528
-2105932.2781958 -1523996.9078610
-2179918.2849619 -1571406.0436961
-2101065.5196452 -1524372.2310219
-2179739.0981401 -1570019.3307558
-2186899.2578318 -1564554.0033824
-2179353.7907940 -1570372.2483306
-2185809.9795858 -1567638.9234489
-2136697.9226618 -1520107.1140806
-2215288.6727497 -1549061.3768314
-2243162.0360565 -1561052.7475208
-2294469.9214149 -1499796.0889669
-2358124.4117199 -1581987.9993279
-2394100.7403077 -1567860.8205792
-2397271.1052056 -1561601.7957182
-2354577.6473062 -1577756.8108530
-2360468.0682342 -1581097.1655270
-2396786.7860140 -1567228.3369984
-2382651.4249494 -1539103.9148094
-2344850.7177979 -1578902.2568081
-2354549.7497012 -1579568.2175615
-2343568.6348805 -1575899.2118793
-2357426.1906840 -1569956.0968016
-2359017.6306223 -1570119.9839104
-2357767.3281952 -1569928.7110395
-2356356.7720874 -1570171.3404141
-2360214.5152337 -1572178.4949374
-2155876.3297004 -1629914.8794105
-2152481.2125782 -1407642.4820336
-2173394.5721245 -1539375.7805844
-2196908.6226376 -1439929.4922266
-2281862.0473149 -1555700.5723104
-2328746.6940013 -1550170.2382808
-2318542.4044871 -1497447.3279822
-2255339.9840080 -1590632.1195633
-2299440.5901149 -1508655.0324259
-2250048.2095760 -1571864.8393093
-2245073.9387697 -1566005.6471460
-2193060.0337019 -1551440.1884036
-2238111.0432948 -1480579.9098489
-2290876.5852100 -1511914.2270465
-2210697.5569421 -1606908.9505393
-2209566.5786239 -1597850.2132411
-2309483.7448082 -1559620.2542291
-2241046.6051440 -1677665.3486880
-2243976.5850770 -1642087.4670678
-2368638.1801701 -1587841.3475367
-2244690.9852318 -1551707.9056094
-2106046.2870840 -1522923.2884876
-2343987.1274808 -1577696.5288466
-2356932.1844670 -1581223.4255273
-2242113.0471853 -1557331.7834495
-2250776.3848759 -1473906.7816175
-2182725.1450633 -1569557.5235390
-2185456.9792031 -1566289.8404263
-2185718.1809420 -1567701.4714857
-2175788.4890532 -1574759.8875377
-2129864.4478427 -1522962.8978993
-2249864.8478737 -1476068.5116345
-2258373.9417044 -1478404.4262093
-2243660.6338938 -1562556.3694416
-2244145.2787919 -1563526.2015254
-2294983.1772097 -1459913.8408795
-2386823.8098184 -1492837.9516038
-2381835.1300247 -1502476.7316406
-2354749.8394138 -1575689.6124364
-2379133.9510615 -1447288.2647385
-2345370.6070410 -1581172.1965932
-2365515.6963999 -1507004.4823550
-2354742.0491661 -1577679.8318414
-2355000.1067455 -1573676.2031792
-2359537.1412911 -1571231.9560889
-2343947.9747017 -1578323.3350732
-2396623.9963131 -1568214.0956974
-2397076.2380324 -1567382.7260477
-2381804.3683611 -1502341.5854038
-2300012.9236558 -1567500.4142503
-2288414.0573568 -1656895.1576517
-2313557.6154280 -1461864.2941787
-2194629.0748187 -1528070.5204922
-2156245.7076819 -1458345.4725974
-2103744.7355959 -1527307.4911091
-2320868.3830758 -1524755.2942416
-2267340.9392414 -1552406.7924564
-2218341.2977748 -1540018.2416892
-2307865.8596702 -1504708.8932612
-2363748.8060966 -1479156.5843488
-2245175.0839444 -1566163.0004277
-2219432.8156951 -1542303.5411936
-2252014.6311576 -1547785.5644726
-2290555.7261063 -1510964.3077224
-2310068.8577752 -1572828.1569344
-2292092.9215410 -1624073.9423257
-2299628.0306033 -1529681.1685554
-2311082.4138911 -1606730.1512529
-2245629.7223932 -1612692.2950272
-2277760.0412641 -1471307.2907794
-2351630.2662708 -1580823.0672199
-2404162.6198709 -1445355.7647683
-2306592.3441515 -1505893.9249290
-2315450.1490235 -1499833.0146368
-2299616.6284269 -1494534.9422765
-2243194.4360055 -1561237.2809894
-2217418.4062225 -1550484.8567348
-2157545.3719102 -1519002.3479139
-2105852.7574664 -1524709.8253542
-2172645.8640744 -1529774.8396118
-2217070.9999722 -1545012.2888190
-2244715.7070581 -1552664.6782745
-2243538.7683283 -1562279.6702970
-2355802.1764785 -1580174.1267264
-2243893.7556982 -1563000.0340756
-2354797.7949646 -1575136.8575763
-2393941.0893732 -1563441.2955688
-2354720.4534498 -1576685.1911839
-2354826.6795598 -1577278.1678520
-2394566.0992454 -1569355.2207786
-2355992.9255490 -1438189.9675561
-2344802.6141738 -1579121.2788811
-2354911.2937669 -1574124.9175879
-2360812.1045575 -1581516.0864730
-2397557.6794861 -1565303.9900463
-2343251.8312361 -1569108.0844577
-2343565.8571092 -1568480.7143536
-2259686.7540231 -1615139.1797885
-2275642.9028879 -1593177.0078383
-2270530.5301515 -1673232.3865151
-2294710.8988057 -1642791.0762906
-2288094.0426226 -1657408.1488058
-2162802.7635331 -1432945.4026230
-2205252.9434803 -1443306.9819852
-2242598.8179800 -1669295.6816547
-2247478.0316304 -1564436.6345817
-2215092.9616021 -1546424.7288435
-2246287.3394877 -1567939.8628398
-2319568.3460192 -1496827.8645791
-2362198.4458848 -1497760.0265142
-2245178.8135768 -1566131.4918010
-2216569.2106993 -1550373.3545820
-2242629.3306071 -1543137.5466926
-2289554.8235128 -1511323.4816358
-2301511.4578263 -1605230.1294833
-2205189.7703493 -1596762.6038312
-2204828.5330098 -1597444.1292521
-2313237.1271760 -1560352.1263914
-2267765.9463643 -1626711.7699244
-2208478.7954600 -1596019.7328589
-2305133.0068518 -1500933.7405345
-2298986.0547030 -1473198.7503587
-2354973.9052544 -1577715.9637023
-2354828.2656880 -1578211.3120869
-2354946.9568041 -1577776.7496251
-2354906.3154921 -1577518.8881903
-2304368.6745160 -1503678.2357329
-2262134.6388096 -1477005.0848789
-2279021.8993353 -1566892.4134442
-2246340.1038019 -1583673.3843753
-2173394.6839859 -1539381.7371924
-2355097.5361365 -1578506.1883711
-2314173.1293248 -1505428.5441274
-2315702.0320493 -1499575.1530760
-2354778.2716086 -1576526.5973733
-2393728.0133057 -1569295.1963707
-2331724.9090354 -1498353.5912607
-2354764.0066233 -1575466.5025557
-2375055.6504692 -1448391.5419703
-2396469.7496047 -1567587.2952582
-2382303.9628456 -1502860.6699433
-2351494.6262656 -1581928.0884084
-2362210.1151208 -1574561.6858128
-2396898.1421067 -1567777.0122371
-2365997.5000859 -1506997.8697775
-2344886.5700737 -1580460.1226810
-2299157.3235221 -1571322.3935861
-2271570.0747604 -1597604.7837328
-2264951.6219260 -1606436.8836404
-2251617.1161809 -1641417.2342200
-2229537.5407179 -1458620.3590293
-2248178.8458666 -1681314.8571403
-2217112.4538005 -1443783.2083886
-2225344.1787332 -1504708.8099413
-2108276.5698360 -1444148.2704211
-2216704.7066627 -1545334.3859918
-2245740.4642755 -1566705.1816759
-2244781.0281904 -1564319.9681903
-2323728.9845884 -1495164.0922464
-2364711.8228386 -1478184.1025820
-2244953.1065658 -1565707.1841562
-2249733.5813929 -1571070.6723159
-2249740.2428213 -1508876.5346907
-2293900.1399945 -1507113.7709058
-2293081.0902675 -1631129.0031173
-2206540.0132900 -1600833.5994087
-2276516.6990345 -1598919.9316648
-2301679.7630379 -1540386.9887532
-2238979.7463766 -1643861.5583114
-2263584.9563601 -1617289.9715152
-2296550.7915172 -1590548.8614110
-2351333.8707760 -1581057.9987708
-2313840.8523049 -1502039.7922483
-2229134.7532933 -1555433.2773769
-2244143.7946550 -1563579.7465260
-2244117.7387356 -1563391.9350630
-2244144.2357574 -1563623.5002746
-2355246.3822062 -1579020.1310475
-2354963.6029233 -1577872.5717230
-2354892.5435583 -1577419.8407351
-2357043.9687310 -1581152.7178847
-2279655.2304354 -1448011.5920719
-2354767.7374367 -1575525.8681660
-2366769.1323358 -1581742.4515076
-2383633.9614709 -1504971.1443643
-2342722.5395622 -1571768.1192501
-2354732.9735290 -1576324.9447699
-2354710.9401177 -1576393.2911476
-2393667.5599816 -1570232.3333760
-2397128.3911079 -1567093.1091975
-2391512.7557681 -1520346.0157995
-2351130.2082629 -1582102.6484530
-2364261.2851852 -1577240.9060756
-2396702.1848082 -1567972.3881810
-2392556.7382670 -1570887.1663568
-2296272.9669494 -1509472.9446936
-2271737.9904140 -1597480.2404961
-2264768.3612306 -1605521.2531136
-2265436.6123717 -1606237.4156054
-2265484.7597222 -1606274.6706255
-2265536.4200506 -1606333.7282181
-2209778.0724119 -1675508.7871195
-2296852.0213550 -1635867.1338498
-2306729.0438517 -1499933.4393099
-2298196.4559663 -1461772.4628268
-2244762.4967402 -1564526.4722070
-2244586.9362912 -1564053.2014653
-2282160.9996305 -1559703.1220635
-2324124.3881371 -1495072.7899792
-2349067.6896901 -1497626.6673874
-2243320.5987324 -1562160.9566345
-2249689.6878359 -1571019.2286195
-2323558.8095009 -1519045.2272274
-2209248.9755344 -1641599.6458778
-2310533.7293923 -1583795.9060220
-2305843.5244099 -1578974.6694272
-2207876.9838112 -1600160.4876122
-2178906.1438402 -1682203.8968763
-2312546.5346789 -1558761.7289568
-2209043.1759598 -1598863.0468909
-2217074.4015338 -1605843.9577520
-2288701.3508029 -1451133.8501409
-2269897.8739238 -1545187.7047751
-2359791.3441635 -1580827.6984998
-2267925.8591812 -1552608.6180645
-2271835.9916199 -1533002.3986819
-2268745.6435441 -1550684.2992367
-2300256.5057769 -1509407.5605170
-2269260.8315978 -1539813.6566509
-2219973.4786690 -1569753.2829412
-2354763.2092111 -1576280.7171347
-2354684.8445381 -1576497.1204972
-2357080.4575670 -1570398.2416686
-2344157.1732429 -1605336.1464672
-2355918.9117766 -1580522.2658729
-2354542.6055067 -1578103.6364181
-2354772.4796080 -1575382.8629120
-2355773.6576512 -1580286.5522494
-2344688.7699117 -1580071.2398243
-2379717.5981959 -1500713.8714309
-2397125.0801660 -1567019.4892045
-2354629.4492206 -1579069.9994336
-2363345.9894088 -1575998.0952470
-2379929.9065923 -1500582.6849433
-2344775.7633197 -1580254.1720694
-2300075.4309289 -1570381.1381853
-2268060.6128671 -1600697.5227966
-2267785.6371752 -1601073.5965796
-2267188.4312520 -1602022.0884065
-2265896.2216853 -1603510.1418687
-2264627.3975529 -1605397.8954489
-2263267.4947313 -1606456.0206182
-2305613.2562968 -1499129.0506851
-2120676.8117245 -1504642.3996473
-2304827.9978600 -1498687.9268326
-2243928.1897098 -1562302.8255420
-2243828.4449436 -1562086.1607404
-2278641.2736651 -1448562.7956215
-2324853.1664515 -1493735.0056858
-2366418.6601292 -1495752.6877631
-2231786.5751071 -1558826.4563201
-2247011.7619635 -1569129.6581971
-2293464.2373399 -1510027.6957402
-2143184.6972458 -1520664.7864352
-2293774.5547485 -1506890.9771805
-2300012.5011267 -1620051.0199191
-2215353.9315931 -1603686.9401976
-2203418.3197441 -1599728.8746795
-2296496.9954172 -1562779.5731026
-2184321.2051202 -1623279.1100421
-2151933.7282011 -1582045.4095358
-2190387.7525158 -1597218.9861944
-2323287.9974569 -1495322.2484050
-2373318.1144859 -1508065.5528597
-2356917.5753110 -1581107.4149786
-2303773.4554806 -1507403.4489514
-2320995.6563527 -1496117.3516476
-2374161.6692407 -1453943.1961387
-2354786.2354738 -1575293.9442545
-2354807.5863973 -1575036.2604613
-2354741.1453265 -1576143.0874476
-2354721.9036563 -1576347.6217097
-2354739.3251715 -1576251.1539451
-2354753.9256452 -1575589.7915890
-2354780.1145156 -1575277.6826949
-2354778.5582406 -1575329.5167179
-2354740.6082663 -1576307.5817119
-2379386.6191617 -1447339.3679737
-2417681.2289333 -1443357.5928815
-2387094.3914802 -1525238.6349731
-2396550.5884045 -1568108.4343558
-2394123.3796170 -1570040.2867295
-2382627.7589262 -1527335.8590221
-2340865.4491407 -1464957.7738538
-2295970.6049130 -1509521.9630385
-2301474.4241964 -1568725.9555529
-2267582.1673032 -1601580.0159925
-2265587.7116043 -1604015.0529953
-2265457.4484008 -1604187.4621898
-2265154.6281002 -1604384.3624911
-2264562.0465240 -1605303.1097816
-2195704.4042784 -1519490.9905906
-2273819.4453814 -1532204.5175033
-2278274.6295820 -1448786.6850579
-2232163.8212055 -1553898.7370418
-2235440.7263637 -1552915.6032119
-2268687.6298446 -1541004.2234409
-2298413.7637347 -1477291.5577567
-2317401.7441912 -1498229.2305884
-2355436.3577419 -1483362.4752291
-2283990.1284099 -1449777.4387382
-2243110.9249982 -1547558.3338712
-2294902.4299180 -1508660.4179686
-2142398.5927661 -1517476.2346130
-2295298.9412351 -1507985.1983569
-2210875.0362726 -1602152.0591506
-2197766.9701089 -1635013.2391815
-2165301.8428973 -1533982.8768560
-2223815.9380354 -1653307.4931398
-2305592.0538759 -1553006.1401857
-2150323.8292018 -1441373.4509875
-2308656.6882322 -1597728.6730013
-2319316.2401235 -1496957.0649045
-2303799.7296951 -1507394.8426506
-2324924.5823911 -1486998.4837634
-2356604.9043176 -1580979.0971501
-2295574.9583165 -1461698.8925949
-2293438.7303580 -1501723.1756915
-2357652.4307883 -1581586.6800695
-2354754.8100323 -1575816.2040770
-2354777.2508399 -1575394.1784731
-2354782.9141969 -1575320.8224462
-2354778.7774886 -1575337.4354353
-2354757.6737835 -1575575.5329400
-2354744.3974158 -1576036.3684337
-2354691.3055717 -1576596.0028061
-2380843.3349280 -1469491.5259123
-2393244.0529117 -1570312.1217118
-2372870.5821238 -1506757.1384814
-2358176.9127853 -1492962.7062651
-2385916.0168302 -1544585.6483009
-2391210.4248733 -1517005.9939105
-2428196.1451881 -1442242.1342793
-2394467.6814505 -1569818.7618422
-2343429.4614720 -1568634.4413266
-2294949.7109128 -1508734.4265654
-2301028.6106027 -1569256.8557164
-2265106.2226410 -1604436.7412196
-2264684.3035060 -1605126.2869846
-2264637.1636744 -1604768.0948639
-2199594.1314916 -1445751.4879762
-2304698.4385051 -1498608.4181907
-2166358.4378534 -1626006.5417101
-2285711.6054078 -1450147.3618526
-2302244.9775912 -1497591.1516104
-2305717.8179945 -1533585.4093236
-2283520.0120062 -1541933.8165552
-2301922.7981698 -1496391.4319563
-2317006.1604940 -1498521.4303433
-2356548.7619328 -1499426.5234442
-2376896.3425733 -1447805.4642168
-2220173.7660718 -1573329.9596949
-2295659.1924817 -1507899.1617634
-2294542.2146230 -1507423.2204325
-2170222.5818735 -1538284.0585730
-2311505.5390061 -1533213.6224867
-2308540.3623451 -1574326.1760587
-2261916.4539766 -1544056.1952807
-2306017.4434945 -1585159.4364973
-2172472.3295140 -1671321.5263449
-2189794.9842673 -1626639.1566876
-2190933.6758966 -1518568.6617849
-2259620.2260335 -1480621.3009114
-2302337.2880337 -1508057.4432326
-2378870.6216867 -1446871.4886408
-2289643.8397158 -1451800.5337542
-2354754.8553260 -1576005.8356745
-2354749.0054387 -1575896.8053328
-2354716.3358465 -1576417.8528309
-2354842.4442771 -1577371.1303556
-2359178.2838784 -1581652.4820167
-2343281.2224337 -1574827.9597804
-2321908.7908679 -1496169.9585952
-2343737.1901686 -1507705.6648388
-2343416.7639483 -1607523.9714958
-2395301.5723017 -1557642.6646387
-2393796.4744084 -1570141.4171749
-2364110.3684393 -1533609.0550559
-2388859.5229783 -1512551.0021078
-2412825.1560781 -1504586.4137264
-2377034.1743786 -1508593.5169431
-2437525.0990524 -1434802.3915070
-2415662.5562988 -1444206.1300014
-2342904.5552326 -1574312.8000774
-2344388.8766321 -1579480.0490480
-2215540.6049509 -1616011.0890923
-2302590.6518922 -1567469.7981836
-2276286.6405311 -1592575.6865708
-2264727.5719422 -1605349.4321706
-2196385.8014054 -1441879.3974825
-2144840.2910447 -1416202.7284225
-2276054.5823378 -1461837.2714270
-2148603.0513657 -1479847.4493298
-2305856.8907555 -1499378.7401273
-2304258.2189545 -1498094.3592543
-2272572.5005349 -1532778.3804505
-2274500.4345119 -1463672.2333147
-2303974.8846826 -1507322.5092427
-2317553.1212487 -1498121.6518681
-2366389.1664451 -1494855.9347892
-2403600.3706820 -1429909.6032893
-2266170.4953605 -1554254.8342008
-2294134.9097724 -1596323.2150083
-2296119.8204124 -1508203.5781889
-2315000.1737303 -1513268.8684275
-2114990.1859882 -1531073.8124929
-2210720.3502629 -1601795.6083085
-2326531.5913397 -1526374.8381008
-2293938.1458698 -1510683.6457445
-2206091.0233885 -1601365.7436260
-2219435.1419811 -1698095.2146825
-2185871.3787547 -1564712.7725011
-2295471.0323811 -1509951.5812360
-2325580.7471772 -1496772.8486787
-2326427.9976498 -1489070.9184309
-2303807.2960044 -1498072.0574780
-2354759.9462686 -1576219.2666703
-2320936.2092264 -1496162.9773991
-2393344.1412664 -1570273.5217113
-2393830.9123047 -1570108.8510995
-2384090.0240553 -1505211.5160436
-2384003.6287191 -1505151.8607962
-2389056.9473966 -1513093.7620181
-2374863.4018382 -1502063.6518595
-2345306.2539343 -1581371.0070227
-2344675.3027110 -1580042.8513819
-2345676.6097025 -1583025.9416972
-2338893.6278367 -1476608.7002947
-2387375.2418983 -1510112.0169298
-2354805.5208192 -1584580.3519387
-2372778.4401435 -1480576.4731931
-2449012.5691411 -1427529.8197829
-2418410.8463290 -1463586.1209618
-2345141.8598837 -1581426.9324681
-2380222.5051025 -1451473.3129298
-2289704.5113782 -1601727.4256333
-2298427.8956357 -1572399.8340105
-2264185.3695014 -1606757.5233626
-2200798.6352978 -1445682.3638380
-2163421.3509443 -1470054.5079935
-2281466.1253842 -1530417.8566467
-2121694.6389461 -1503438.5888110
-2264861.8083672 -1478142.3336909
-2305492.9979388 -1499118.9316568
-2364186.6589057 -1512096.3821550
-2268809.3429112 -1539634.9960534
-2235233.0353006 -1560889.7709582
-2317895.8144759 -1497880.0326025
-2303746.8676704 -1498192.5433633
-2367740.4579730 -1485626.2149655
-2387574.0613319 -1436371.8809368
-2241596.2725820 -1555835.2753711
-2268668.8663235 -1578847.0265074
-2294596.9435176 -1508445.9855223
-2291245.8718544 -1588634.0193052
-2273716.4907973 -1537246.2825099
-2362369.4793805 -1515787.0942414
-2366751.5056334 -1515461.4089550
-2303295.7279683 -1508710.0238803
-2141473.7262497 -1567594.9634274
-2254668.9675431 -1538920.0900770
-2216670.9033427 -1615091.6956803
-2209950.9719041 -1600396.5495448
-2373796.1834214 -1452830.7188066
-2359256.8093372 -1581096.9884879
-2354767.3272595 -1576585.7350971
-2354755.8642708 -1576341.1058680
-2342728.7010758 -1572793.4830903
-2395058.3242191 -1568964.9539937
-2373888.8943575 -1506536.4426476
-2394428.6078617 -1569834.4346926
-2429543.8009264 -1441188.1344654
-2436759.4119588 -1435327.9589017
-2414626.6252239 -1445238.9373941
-2427760.1134944 -1440532.3571373
-2361070.1851967 -1491148.2246998
-2358898.8775641 -1475396.9785377
-2387910.7719126 -1510771.3087215
-2388766.4968884 -1512414.2253444
-2356546.9064886 -1585266.5206942
-2346920.1554598 -1495249.4441211
-2414060.1018899 -1446021.4055336
-2397528.7917727 -1563368.9572558
-2345245.5510303 -1581151.5705329
-2187946.3473641 -1652497.8030994
-2264979.3812544 -1604665.0757168
-2206910.5982295 -1442602.7200131
-2196076.0359785 -1440982.7663463
-2163817.2153547 -1432265.3703901
-2302474.7498882 -1494911.8855703
-2273346.1967689 -1462493.9124371
-2121143.8463275 -1496562.8584854
-2276512.6889801 -1462522.5659372
-2305326.2104216 -1499010.0166268
-2304801.0719102 -1498668.1693100
-2266725.1916025 -1555456.7678754
-2228822.9320352 -1553038.1741117
-2292659.4232909 -1511304.1765048
-2379904.9613152 -1447940.5163077
-2367778.2018170 -1485787.2582917
-2360112.7210165 -1477632.9928929
-2418630.5603029 -1510288.6553720
-2219486.4346625 -1542011.1570216
-2296297.5999202 -1508306.1774911
-2299145.3395739 -1626981.6285005
-2294999.3319591 -1594960.4543263
-2182975.4270783 -1604353.4068185
-2366573.3641278 -1515959.1146382
-2360760.2978489 -1522212.4535056
-2211886.7306246 -1630991.0600507
-2142373.9243737 -1633025.0698496
-2269079.8202356 -1639224.8229546
-2178487.7871819 -1650545.4749324
-2307022.7843569 -1505539.6005751
-2315479.7425009 -1499788.3471734
-2358757.8793787 -1581349.6936573
-2327362.9856884 -1490892.2832799
-2395924.9452659 -1567816.1541198
-2374388.4710158 -1506519.4574350
-2344433.7304293 -1579546.3344257
-2396507.7482864 -1567883.7198323
-2418495.2582657 -1463419.4587896
-2414246.5174080 -1445782.1355075
-2416100.8261131 -1443908.8025669
-2354995.5807854 -1493165.0543163
-2359860.9201382 -1586149.6062636
-2390134.8302377 -1523219.0516122
-2389982.4846034 -1523349.5034390
-2390680.7452225 -1522323.6977655
-2372923.0526537 -1506825.6050512
-2332114.2100759 -1453061.6454023
-2351559.3046698 -1450901.0007241
-2376882.8028423 -1518333.1710250
-2140577.7998294 -1572680.7219907
-2265971.4530994 -1605905.9322248
-2115351.6982026 -1410288.3736320
-2191244.5248889 -1523379.8234358
-2167479.5421588 -1433563.2251742
-2173111.1074187 -1539166.7925531
-2270730.6584749 -1534998.2252237
-2125474.0514746 -1500161.4252316
-2123680.2767018 -1501905.6443555
-2314001.2024406 -1492931.4588454
-2305639.0170958 -1499217.3799529
-2304300.9432378 -1498128.9770414
-2275793.5155293 -1573443.0154315
-2270187.0711422 -1542202.0409721
-2302708.0923510 -1498651.5376192
-2317024.1631991 -1498507.8279889
-2247063.5762499 -1473066.3949531
-2363927.1383373 -1496854.8779943
-2367563.8724466 -1489240.4215816
-2269846.7143179 -1462757.1298400
-2295870.2832940 -1508002.8556872
-2289056.9013138 -1589057.3571067
-2141014.9336956 -1521559.6994650
-2163254.9040962 -1646913.8676532
-2212498.7940008 -1608754.2903789
-2364804.8437314 -1518019.4343445
-2294550.9456525 -1507469.3995426
-2303160.3354243 -1607763.7263446
-2149980.6947964 -1588855.9143795
-2295409.3839574 -1579601.9039182
-2259574.8510766 -1480377.8278046
-2371879.4983297 -1591377.3097217
-2300240.2278769 -1509416.8438565
-2358278.3733229 -1580729.3436264
-2394641.0198836 -1569303.9275625
-2343934.7728904 -1578299.0095730
-2344415.2422886 -1579494.8280866
-2372406.4045169 -1495927.8471167
-2396712.0136672 -1567590.7469237
-2394128.1840694 -1565870.9115273
-2397406.4502555 -1566375.2527675
-2396602.5035474 -1559931.5413946
-2397294.7548965 -1566512.6680874
-2413046.3934860 -1446920.1270532
-2377273.6298182 -1510999.2550323
-2358098.8425572 -1585489.0367210
-2354398.1429749 -1493058.0049175
-2349689.4545893 -1497305.8660996
-2344996.3085209 -1580674.8145333
-2305290.6967163 -1562585.7552435
-2256982.7384554 -1604613.1572433
-2200549.3744497 -1445749.2046633
-2373765.1235023 -1446591.3315222
-2152320.9809542 -1405619.3953064
-2104777.8554986 -1390153.3526638
-2303667.2865669 -1496852.9596238
-2244319.0444702 -1471324.3214027
-2116714.2011201 -1506580.0925520
-2121534.5285293 -1503306.3579261
-2304388.7220745 -1498203.0911526
-2304846.0195482 -1498720.6569424
-2278209.7958133 -1448224.6699251
-2270406.1383945 -1537295.1468269
-2275815.5500985 -1550564.6852073
-2295129.7893016 -1497129.6760102
-2316942.4710166 -1498569.9863441
-2283507.4923497 -1449701.2940525
-2368223.8008514 -1488025.9502831
-2368229.5880627 -1488739.3092528
-2272604.5530754 -1578294.1606214
-2203996.8754704 -1612362.5430937
-2296513.9671205 -1590587.6662218
-2264468.9971450 -1515186.2808245
-2153911.9328758 -1632848.4406309
-2309995.7807880 -1572413.8645981
-2363351.3755625 -1519607.5399931
-2215179.9200074 -1600333.4706324
-2294467.6713895 -1572611.0475773
-2143864.6705913 -1641632.9026489
-2296468.7645526 -1637081.8845773
-2208360.2692972 -1596213.2808354
-2343533.2014845 -1576007.8290249
-2380701.4521158 -1447658.2420108
-2356904.5015441 -1570521.1956755
-2343853.2449453 -1578154.8302859
-2380389.9868958 -1501002.6751845
-2380844.4036844 -1501390.7170490
-2370353.0710480 -1501537.3855598
-2374299.3735407 -1502150.8861798
-2375123.0984866 -1502049.4086327
-2376771.6040867 -1501664.4840608
-2372120.4269959 -1496197.6956339
-2345040.0530659 -1580693.2507999
-2397422.4810436 -1566301.0449319
-2397260.9887298 -1562150.7264090
-2448941.4500258 -1427648.6766331
-2397563.8010975 -1565142.2543747
-2364331.0340813 -1581745.4857729
-2306356.6468277 -1563066.6947845
-2314453.4373582 -1459412.4648477
-2141389.0859828 -1411376.0991131
-2378377.1957224 -1464663.5407829
-2173394.5211349 -1539375.7836928
-2321655.7932747 -1502274.6655450
-2188809.3120285 -1519510.8730260
-2302905.6155333 -1495245.5529840
-2280293.5722081 -1457520.9842422
-2104178.4798413 -1384451.7133253
-2118484.9049786 -1505775.5657702
-2306307.8628913 -1499589.1017342
-2311454.2606615 -1468279.1910351
-2310080.4157225 -1457330.7875913
-2237374.9030905 -1566713.8161211
-2230320.9038928 -1550397.1262197
-2285962.8027480 -1450270.1648982
-2337935.4053566 -1501036.4612822
-2316866.3217613 -1498628.6913501
-2362234.8174924 -1477705.0847714
-2356288.6121954 -1480787.8768985
-2220674.8060097 -1552618.3258078
-2188946.8507022 -1611537.0748635
-2297890.6967539 -1630968.8420745
-2275690.2760267 -1564343.3973464
-2265061.9190274 -1519896.0535379
-2310367.3812813 -1572739.7258991
-2360185.9631372 -1522658.1375457
-2279811.0212936 -1649372.5906796
-2192229.0193676 -1599742.0275670
-2166068.1781787 -1523865.4440352
-2234130.6000325 -1593682.0002641
-2200682.7522038 -1575365.7452101
-2173000.4502546 -1578327.4707805
-2371801.5502955 -1594194.4915730
-2355475.9940017 -1572439.5710912
-2343663.3875878 -1568268.9487766
-2343508.0942266 -1568486.7429159
-2343323.5786197 -1569775.9780740
-2351158.5892676 -1581371.9396757
-2360215.6329776 -1581233.9440686
-2355103.2732895 -1573319.8444812
-2346648.2472103 -1580293.3266685
-2343464.2681901 -1568558.4532780
-2342800.1055861 -1573610.8250302
-2343795.6492191 -1577953.6268649
-2345194.8068594 -1581065.7540263
-2345485.8435292 -1585140.9532467
-2343201.0024384 -1571040.0345683
-2304421.3464350 -1575349.5291907
-2289350.6127277 -1655271.2913649
-2207849.3816705 -1437352.6320180
-2240756.6430216 -1443251.8052687
-2145069.5558697 -1418969.0424304
-2391391.2559487 -1488849.5910220
-2322818.4164179 -1503205.8326886
-2276541.6108978 -1447793.4713544
-2305621.3808210 -1499161.4194533
-2126497.4939575 -1498387.8456642
-2102747.5822472 -1387855.2426653
-2120698.2286604 -1504620.6913233
-2405754.3436062 -1507140.0068518
-2305223.5329132 -1498254.6934114
-2286351.0046825 -1450268.2580575
-2216955.3707380 -1545175.5810768
-2280390.8257656 -1452676.7201959
-2280630.9545402 -1448661.8623667
-2294838.1710191 -1510637.3499815
-2317053.2822410 -1498486.0205874
-2243508.1969845 -1571503.6095056
-2356679.8911310 -1482476.9359269
-2268695.5221299 -1540393.2862522
-2282026.8879475 -1552291.6566627
-2293331.0229926 -1586545.0935741
-2274555.3140120 -1571155.9623480
-2270069.4602432 -1484031.9139267
-2247602.3866111 -1551877.3475754
-2336070.4908040 -1528668.6787078
-2300338.3021889 -1620390.0590844
-2115535.2203797 -1525370.8906825
-2121928.7245805 -1588925.5662483
-2191256.0994487 -1601520.2476756
-2311737.6943572 -1570996.7520068
-2056462.6228502 -1519813.2627255
-2190923.6170710 -1612558.7702062
-2419610.6150693 -1510706.9529863
-2354055.0131727 -1578943.4424900
-2172688.4126026 -1599006.6498662
-2295751.9502715 -1509742.1872387
-2292994.3758394 -1506875.8443435
-2293661.5980769 -1507056.7693478
-2293146.2823087 -1506915.4426253
-2292289.1825866 -1506893.7229299
-2242962.4577616 -1560142.1738699
-2363174.4984093 -1583759.8963755
-2366524.3663789 -1581478.6149361
-2352945.0900354 -1581186.9024836
-2293906.3137834 -1506944.7405375
-2300475.5944608 -1569282.7805744
-2230834.3470192 -1430002.0784251
-2141798.6026748 -1412206.3246748
-2191687.3621370 -1522750.5458119
-2122559.3700562 -1393803.7670911
-2174501.1710013 -1465624.9379263
-2377223.8728094 -1446622.8263213
-2167881.2083708 -1434054.4983261
-2132107.3205577 -1405888.8233845
-2296828.8303216 -1464184.5890095
-2230813.5413694 -1554399.4602474
-2123173.7879237 -1502610.2283073
-2101197.7487451 -1482228.3104701
-2126313.0323904 -1498566.8158280
-2313317.3975176 -1498050.6361088
-2061658.1112506 -1519466.4868734
-2215113.2135236 -1547095.2193518
-2234261.7080835 -1551183.7257914
-2285747.9960271 -1450227.6294971
-2302980.3615498 -1496728.2458761
-2317067.3209093 -1498475.4322065
-2278257.0782427 -1448171.0298894
-2355637.6830789 -1482980.2720041
-2277248.1824737 -1474259.7591526
-2233689.6917767 -1545675.7713464
-2196587.4395339 -1627202.0074640
-2250184.1331132 -1587995.7115835
-2250101.2183827 -1571496.9448094
-2304473.9385002 -1508274.1176647
-2328830.6627639 -1526645.8994733
-2304149.2461609 -1597925.2852651
-2203198.9929226 -1583592.3588490
-2109409.4975571 -1607376.6943214
-2141338.3276991 -1631932.4954607
-2309113.0608661 -1551607.3071017
-2192747.8268991 -1631119.2823812
-2173050.8572745 -1539340.1578213
-2182044.2597653 -1652373.0082574
-2219822.3493877 -1590529.7480609
-2292339.9036365 -1506804.8157788
-2243183.5528279 -1681832.3496848
-2268205.0358563 -1633703.6688481
-2310181.6968962 -1556485.7435770
-2296027.1842302 -1585520.3800812
-2166067.7624425 -1621111.3836999
-2275424.6621978 -1654337.4007155
-2113919.0359832 -1526955.5451450
-2290013.9335764 -1583257.9732572
-2157067.9952080 -1641780.3796192
-2270064.7578767 -1646482.7134220
-2209457.4924555 -1673291.9412032
-2235732.6019274 -1447416.1393488
-2229960.2519608 -1430092.9596567
-2191614.5042255 -1523113.6235125
-2123460.5336348 -1439472.8518394
-2336441.2108391 -1509306.2319309
-2371643.3608756 -1449123.6808147
-2164724.1114064 -1479438.2762793
-2302615.5267080 -1495338.4999618
-2304382.5761733 -1498176.7702276
-2279991.6565727 -1459650.5810639
-2126474.8827912 -1498567.8165935
-2166587.1314262 -1626298.8841481
-2166828.0704735 -1633209.5458308
-2133812.2860781 -1478305.7366441
-2237868.3437145 -1668091.5284803
-2252297.3533706 -1563481.5152427
-2268295.1923510 -1548604.4557626
-2293005.1826068 -1455487.0527538
-2302476.6432223 -1495856.1024132
-2317125.2299991 -1498432.2925973
-2317333.1022877 -1498279.4000692
-2356615.2756517 -1482601.3359365
-2365349.6532837 -1479042.7305307
-2271574.0166826 -1533279.5137760
-2191299.9838495 -1558537.9977810
-2271222.1367047 -1484955.8640598
-2217675.8912944 -1550461.6683917
-2294957.5988789 -1508743.6376128
-2344801.7093392 -1515648.2676144
-2253950.8803898 -1537693.2134432
-2321102.9217892 -1518237.6005094
-2235579.1642249 -1646236.1534842
-2123655.6472312 -1586768.4289546
-2142420.2451921 -1637532.3796185
-2124421.0610240 -1587072.9395547
-2247877.3435902 -1600618.7176337
-2153432.6086606 -1598060.3729372
-2309956.7703864 -1587832.0701696
-2150405.2206992 -1586927.9081503
-2150414.1695437 -1517735.6483548
-2225693.5536582 -1674914.8329149
-2221197.4875947 -1624694.1417256
-2297487.8883226 -1572416.3455424
-2267354.4929287 -1653615.3828651
-2296122.2829637 -1638532.0468623
-2249250.5528512 -1635008.4402418
-2296390.1440909 -1637339.7800369
-2269791.9486735 -1647558.4746435
-2266190.6922506 -1606321.6632418
-2173330.6217272 -1539368.0160525
-2114028.7608396 -1410839.7018935
-2115895.2169457 -1410123.3412465
-2197917.6507623 -1444422.3909537
-2144506.0851004 -1417487.4350502
-2373265.4873230 -1446643.7958274
-2323424.0735561 -1495263.0049565
-2163899.5477181 -1431596.5725089
-2374079.1158712 -1513095.3255428
-2304362.8411775 -1498179.9282547
-2305043.3664856 -1499313.6865553
-2126469.0767315 -1498401.5139417
-2120468.6536418 -1504798.5961585
-2126922.7223483 -1497601.5652352
-2248936.6853217 -1666081.2562264
-2214755.3630133 -1667689.2201095
-2258256.4976176 -1478388.7333734
-2245597.4973046 -1566411.0684048
-2298508.6151742 -1476553.7792514
-2301224.7315187 -1495929.1529579
-2321836.7776643 -1495825.9001947
-2317741.5492758 -1497988.9271047
-2356734.0409133 -1481932.9649432
-2355982.4160539 -1482870.8486987
-2217265.9450613 -1540462.9247250
-2254057.9401386 -1590136.9739925
-2239794.3210516 -1539709.5568517
-2249860.8703119 -1571484.4204977
-2292840.7158132 -1587647.2662442
-2328400.7105806 -1508156.1566122
-2329792.8465747 -1527883.6445327
-2280100.0141532 -1651610.8303966
-2194928.2163153 -1599207.8797298
-2109485.9429911 -1607301.4199420
-2145144.6789835 -1642549.9403269
-2231441.0895087 -1590827.2055697
-2221059.8758687 -1580118.9517618
-2222942.2685247 -1583303.8001872
-2242738.5538684 -1598753.3317448
-2248042.6532956 -1600209.7660164
-2251046.9550319 -1601967.7869494
-2257157.6088924 -1604808.4064030
-2262487.5523002 -1606630.6573470
-2263747.2443886 -1606878.0724155
-2262722.6850916 -1606795.3924792
-2301153.3373433 -1612964.1671677
-2310626.9050139 -1558934.9018515
-2298190.8061447 -1571732.9297214
-2265693.7052492 -1606769.8184888
-2163546.2982756 -1438494.6719657
-2341904.7878579 -1510369.3403089
-2190987.1823938 -1520932.7959535
-2120351.1636656 -1436411.8090688
-2231727.5009735 -1472863.4628744
-2145469.4449980 -1419158.7561414
-2374145.9538897 -1446567.0144587
-2295598.9796396 -1510402.2875045
-2324358.0884410 -1503260.4377889
-2305529.2517836 -1499142.9939022
-2304323.6361649 -1498140.0996593
-2302506.6668957 -1494703.0832802
-2125028.1174128 -1499236.6702895
-2165478.0721860 -1625353.1767677
-2115718.5098262 -1468615.7792731
-2228568.0668522 -1662821.8438863
-2213216.5503999 -1670038.3416467
-2256247.5380262 -1476975.6696446
-2221740.9918647 -1550434.6255781
-2301827.6487513 -1494557.7551703
-2300230.8825306 -1509425.6841897
-2326750.8929646 -1491337.4943579
-2317733.7007629 -1497994.3960171
-2370005.2930660 -1488320.3681046
-2364955.5496184 -1496737.5764237
-2275086.3013257 -1550548.6452449
-2279863.2206893 -1552722.5092192
-2249853.1049265 -1571676.7607275
-2249772.7412698 -1571347.9960157
-2156630.7670889 -1623598.1538686
-2296415.2568927 -1513574.0871653
-2324447.8484234 -1528403.1501123
-2302272.0220915 -1614499.3830274
-2276927.4448090 -1513859.2296192
-2225812.1028915 -1665861.1600264
-2146152.0140219 -1606312.0049449
-2150167.0253899 -1651060.4365607
-2234969.8936696 -1592822.0440549
-2252408.0496271 -1602744.7961017
-2254652.6120272 -1603804.5786029
-2256681.7411091 -1604609.9352799
-2258637.2756044 -1605366.8526328
-2260025.0363039 -1605886.5634748
-2264038.3024406 -1606865.6674569
-2264686.0817906 -1606875.0152405
-2264891.5533400 -1606865.8756724
-2264935.6772761 -1606878.0120356
-2264781.5306295 -1606931.4251977
-2265490.6314154 -1606800.7957013
-2212404.2708059 -1660660.9688786
-2240615.7846786 -1447343.7372743
-2232472.5910007 -1448388.9872481
-2110171.0168285 -1482714.4013515
-2259350.3124525 -1646340.2796671
-2068678.9795002 -1320374.9725201
-2142348.4537922 -1415290.8151294
-2376820.2403255 -1446591.2707253
-2299537.4106633 -1472918.1308241
-2324158.7022145 -1503245.8367000
-2154009.0808732 -1436369.9956597
-2304357.0903989 -1498174.1494348
-2302444.7781173 -1494731.8192710
-2265958.9067907 -1476729.5985687
-2108300.1272015 -1442569.3977454
-2121662.6159553 -1503737.1197424
-2250718.3940997 -1664299.9566722
-2235300.9160347 -1667373.0316917
-2258871.3749434 -1479066.0214034
-2241685.8563332 -1543958.3029791
-2302367.0636586 -1498132.7019761
-2317407.4053615 -1498225.1298990
-2327145.4100527 -1490095.7574858
-2317217.7554465 -1498363.8334323
-2401421.2048920 -1432509.5226569
-2402418.2445753 -1440303.7888723
-2242266.2539118 -1558229.4433269
-2281700.2027178 -1563296.3309157
-2270400.5620790 -1575183.9051812
-2259650.2763306 -1489282.1675035
-2173386.1365835 -1539372.8605692
-2294164.5445483 -1512078.0433881
-2340553.7364784 -1528346.1807518
-2203060.5177807 -1595501.4020336
-2291888.0753691 -1510192.4498738
-2148562.9935976 -1520927.8723719
-2126225.3017388 -1586429.0107053
-2148642.1391797 -1648695.8805504
-2221103.1294725 -1581038.9698852
-2234125.0521345 -1592356.2745535
-2260049.3271406 -1605889.9323291
-2264295.9866692 -1606859.1702292
-2264666.0321264 -1606849.7499083
-2264477.4126411 -1606863.2826015
-2264608.2199549 -1606864.0558383
-2265096.0322143 -1606808.9432043
-2265363.5893797 -1606778.7239034
-2265514.5239424 -1606759.1542267
-2265683.1039098 -1606724.7018730
-2266105.0700090 -1606366.7233925
-2172504.9469343 -1451519.9613229
-2331972.2390900 -1440618.0414020
-2088473.7492867 -1359234.8606733
-2079182.1389109 -1512157.6071411
-2075622.8459458 -1520879.7678622
-2126599.8958838 -1495741.5928093
-2164392.0973376 -1444301.8348814
-2372261.3715392 -1450218.9877065
-2298797.8290762 -1474897.1210214
-2374648.5570469 -1447490.7763524
-2164849.1491145 -1429805.5686390
-2304371.8484661 -1498160.5301288
-2302577.0637447 -1495237.1313220
-2418765.1156172 -1510211.0606427
-2108307.5108229 -1492256.7962203
-2120896.5204661 -1504398.5594773
-2233420.8507943 -1664562.0251101
-2086120.6630811 -1502254.3304160
