2500
-2362725.1631452 -1625519.1412563
-2364521.7571214 -1623615.3325102
-2355225.9583970 -1631324.7800007
-2313861.3899412 -1604496.5220053
-2314653.8367808 -1594622.8481840
-2366752.0700200 -1581718.3121956
-2368204.7708049 -1584515.3220781
-2385754.2215493 -1610938.5980751
-2342255.9551437 -1564814.0690675
-2365144.5708840 -1576819.9412330
-2359104.5043430 -1568922.1966846
-2345933.7000627 -1564812.1545450
-2314620.8781460 -1500394.0473198
-2343098.4940807 -1572577.2972874
-2355969.4777313 -1582409.4685548
-2324151.1876577 -1496121.0969556
-2332041.4450042 -1453196.4687866
-2513466.2988301 -1486620.7940669
-2460490.3448967 -1476943.4868742
-2461949.9182234 -1491541.3419199
-2511595.3004002 -1485442.8445198
-2442286.0896947 -1433042.4137856
-2447473.0916384 -1429268.0684769
-2513423.4078037 -1486613.7659944
-2474376.9340747 -1483071.0468604
-2465311.6475477 -1484050.4875085
-2445607.5822021 -1430765.8587183
-2420550.7712648 -1441844.9246615
-2421662.2870215 -1441568.5816575
-2450282.7562433 -1426393.7270153
-2419468.9848098 -1442269.0948849
-2449016.5413483 -1427531.2926838
-2468409.9932475 -1480214.6158168
-2414756.8813781 -1445051.0711038
-2386297.6173214 -1456514.0897036
-2499007.0555891 -1479904.4321592
-2512538.2928827 -1486426.1706858
-2512014.3859249 -1485694.8841208
-2516910.1317240 -1484080.8869438
-2498648.6154884 -1475008.4390483
-2461782.4186609 -1437603.5135105
-2480791.2628451 -1496565.6513695
-2467847.8653661 -1463647.6305838
-2463671.1211304 -1465349.5884081
-2468880.6654709 -1463527.1499018
-2473314.5929610 -1464429.7324679
-2475529.1330365 -1465154.8806787
-2483727.4585112 -1469000.2898342
-2453330.4806830 -1471595.2936150
-2455064.0040525 -1470662.1228282
-2362864.7027925 -1625338.0514933
-2363434.3371955 -1624575.9912451
-2346170.3055698 -1633870.9550239
-2314139.2951460 -1612572.0762717
-2318157.4538484 -1580579.5619749
-2341226.0500076 -1615210.6338768
-2380345.4771800 -1450674.3188949
-2365168.7114730 -1616366.8518488
-2388354.9143684 -1548275.4112080
-2356980.0720272 -1569342.6134068
-2343553.8709934 -1570982.2223251
-2391087.4079782 -1554635.8034130
-2400068.7096813 -1439691.0118586
-2343249.8934581 -1574577.1088944
-2366954.7743931 -1581792.2526563
-2406330.8672876 -1502515.0665926
-2360296.1864436 -1473315.2349921
-2331362.6122175 -1454623.5746100
-2411853.9013443 -1448024.8354581
-2343319.3385035 -1482019.7411124
-2397588.3891095 -1567793.6244890
-2427277.5261377 -1442859.8389244
-2427245.9066586 -1442872.5779551
-2427495.9171307 -1442717.2788555
-2371358.1503369 -1476908.7562439
-2449837.6456711 -1475283.4631998
-2457642.5826372 -1477650.3936389
-2444366.2774528 -1431625.0786813
-2443424.6520496 -1432371.0683976
-2447741.7641544 -1429136.3606574
-2443536.4111374 -1432132.6516647
-2450002.6389623 -1426536.1337264
-2329126.7883126 -1505457.5689916
-2467786.9627236 -1480540.5272752
-2449614.3435215 -1475253.6656799
-2331474.5437380 -1454361.0492271
-2454142.7841118 -1471065.9085775
-2420586.8167320 -1474594.7155092
-2383555.7397225 -1466564.4354080
-2512067.2969996 -1485952.8108740
-2511546.6503724 -1486035.1490460
-2500890.6668444 -1410261.6636410
-2491839.7469354 -1411205.0961680
-2481272.5612279 -1496528.8134647
-2466312.6533005 -1464010.1106575
-2465231.6202102 -1464443.4474775
-2470657.0559839 -1463677.3634408
-2473628.3758075 -1464529.4433151
-2474526.0929093 -1464819.3477553
-2471923.4800306 -1463999.0396559
-2363946.3919492 -1624265.2871909
-2359177.6081798 -1628672.6979765
-2297537.3972698 -1668709.6028176
-2318628.5928630 -1567756.5595168
-2315499.6266631 -1623177.7898057
-2392996.3626234 -1488240.2005690
-2376545.4913138 -1448640.9124934
-2366639.6624177 -1580611.0952192
-2348370.7803482 -1579516.7232141
-2343665.3098349 -1570530.3383263
-2341820.0370136 -1564188.9637216
-2421303.3161947 -1505312.8096107
-2366576.3400383 -1580983.3225608
-2355777.7984813 -1582126.1213773
-2279631.0250258 -1459983.0224690
-2439491.0047402 -1552549.4041288
-2389123.3728770 -1469514.8225732
-2322782.9614266 -1496020.5836765
-2417133.0202018 -1539849.7583583
-2428375.8578924 -1442058.6474468
-2480359.4997396 -1467063.3053679
-2498894.6274944 -1475109.8005380
-2544165.0850988 -1503163.6868904
-2499303.7332048 -1475276.2092187
-2396452.7303375 -1569097.9397922
-2485138.7407420 -1482897.4158072
-2457374.1638589 -1475493.3970406
-2432094.8192354 -1462676.2046667
-2484746.5202170 -1432960.0011399
-2497435.6022957 -1482480.6053737
-2448209.7734108 -1428726.4863140
-2447986.1111360 -1428865.2062873
-2450050.4577880 -1426509.7218283
-2406849.0591083 -1444972.9436835
-2331070.6616520 -1455214.7983513
-2414087.4103724 -1446020.8023195
-2459178.4140354 -1496593.6898106
-2449698.5929727 -1475271.8901689
-2467472.5972948 -1481882.1383303
-2419929.5253232 -1442329.5881110
-2480254.9322934 -1499013.0091256
-2450977.4839440 -1472572.1764101
-2514175.2491792 -1482643.9268170
-2426182.3916846 -1443627.7599127
-2467843.4920217 -1459199.2219523
-2481381.7727416 -1496398.7584579
-2468309.9839424 -1463579.5638087
-2465864.0870972 -1464161.1281854
-2457202.4040031 -1469470.8806752
-2470722.3766318 -1479345.9762212
-2358722.4577404 -1629047.0057926
-2294552.6375583 -1672713.1579387
-2319723.1751040 -1557400.1881172
-2315114.4979299 -1611822.1317431
-2377108.1678047 -1459627.6234952
-2384455.2339817 -1475694.0142769
-2328360.7052455 -1596146.4663039
-2342361.4432698 -1564781.7476132
-2343921.4611491 -1569879.1918843
-2391327.9782939 -1555130.6917244
-2369671.7433389 -1479661.7113018
-2343119.1068207 -1571913.6008130
-2355784.6079913 -1582132.6442666
-2313256.2518909 -1451649.1730865
-2363668.5718201 -1472951.1394141
-2425006.8433152 -1525663.6091764
-2396800.9369315 -1569040.7360545
-2444956.1461947 -1431453.1729554
-2445758.5215998 -1430749.4355402
-2500200.9938606 -1475661.3761043
-2495232.9026941 -1473800.0940533
-2459411.6886867 -1470187.0028029
-2292698.4898276 -1454482.9941367
-2447601.6143977 -1429228.9513158
-2490229.9728508 -1489760.0975305
-2464849.8691828 -1483007.9205412
-2458212.3279452 -1477488.3882351
-2448329.0520716 -1474651.7428694
-2485061.5526287 -1436675.9588130
-2529139.6195166 -1487759.4495374
-2418372.1090031 -1463692.7049320
-2448205.8895145 -1428730.2648151
-2442903.9213480 -1432535.9627843
-2450538.9649148 -1426265.4353007
-2450395.2705217 -1426341.7830043
-2450322.2653808 -1426374.4659979
-2450692.5264239 -1426215.6588467
-2450698.0167383 -1426213.3505423
-2449891.3955460 -1426600.2799591
-2449983.4814827 -1426548.6076346
-2429014.1728216 -1440183.3771808
-2355132.7446289 -1438278.3136288
-2452196.8596467 -1475700.9063837
-2478772.5792622 -1499870.3623999
-2385064.1073830 -1456028.8326331
-2511970.2341588 -1485627.8933158
-2513277.1773289 -1481656.6317554
-2517617.5696040 -1484773.1847478
-2513054.0686232 -1487298.6209755
-2512060.0008132 -1485836.8178995
-2295902.5661643 -1669965.6280228
-2323923.0435826 -1548616.5093586
-2337878.5860810 -1609917.0978525
-2378366.3791683 -1448735.6146462
-2378720.1712773 -1450666.4140544
-2341855.5157647 -1505114.7091275
-2391603.0342411 -1555008.8702809
-2343380.4515639 -1571883.9177995
-2382643.7907104 -1519412.1524975
-2361220.2436118 -1473977.4742763
-2358026.1911188 -1569523.9498401
-2355753.0484633 -1581752.5045122
-2355807.3251827 -1583417.2612388
-2355553.8490285 -1438238.4297203
-2368615.7653730 -1463911.8239428
-2365516.8156027 -1472068.2371975
-2447603.6347956 -1429231.4578743
-2478605.7779813 -1499878.0853529
-2500768.0375037 -1475916.4059468
-2495845.8668644 -1474002.1838961
-2304788.6890931 -1500636.0700183
-2314855.5647909 -1503553.2899779
-2441442.4204389 -1433444.5171145
-2445707.4195254 -1430810.1159775
-2465952.6881346 -1480882.7851528
-2455417.3733365 -1476465.5408454
-2461886.2851971 -1476978.4745145
-2483648.0836697 -1487048.4599971
-2451599.4322570 -1471741.4138683
-2452729.0662828 -1471467.5803515
-2514769.7664795 -1482942.5136596
-2497952.9772792 -1481308.3445998
-2432167.2787272 -1438364.2197357
-2440634.0468977 -1433780.9564504
-2441788.1176162 -1433287.4132173
-2440394.7884760 -1433873.3521873
-2432934.2444266 -1437950.7527903
-2418689.2685155 -1463124.5329602
-2418401.1535298 -1463611.7231069
-2426267.2256176 -1443563.7557058
-2442827.2768417 -1432745.9270417
-2447744.7443413 -1429134.0435381
-2443176.9231526 -1432370.6876738
-2449905.0473290 -1426592.9641863
-2446896.7010039 -1429641.0535066
-2332026.3057538 -1453177.9110618
-2467132.0988366 -1481352.7662297
-2467567.7274674 -1481978.1032568
-2467147.5618270 -1481529.8041693
-2467771.7170971 -1480552.4437905
-2320734.4596188 -1572663.7846469
-2344179.4856980 -1508064.7458619
-2331269.7291697 -1498204.3948473
-2320117.6824898 -1496671.3722603
-2320118.5723792 -1496692.8092041
-2354869.4046591 -1625046.3385014
-2348353.0688790 -1579427.0795500
-2344489.9245044 -1564014.3296510
-2406483.7420235 -1505833.0469907
-2342801.2319596 -1572140.8880966
-2363748.4193040 -1578873.5939288
-2366886.3257553 -1581634.0597776
-2371648.1286707 -1449406.2086803
-2489362.5574702 -1471448.7746679
-2499358.4081286 -1475298.8387069
-2441002.7200204 -1433632.4877102
-2490996.9694949 -1472238.4042803
-2500938.4516279 -1475994.5939437
-2485742.1670425 -1482699.9984399
-2298323.8499511 -1467344.7874423
-2307353.9143336 -1459652.8120680
-2441315.6122698 -1433412.1218969
-2418450.9438799 -1463499.5210060
-2465991.8643279 -1480872.3125500
-2450146.6011103 -1475966.4787247
-2457191.4639591 -1477779.8546853
-2446627.9691199 -1481972.2654613
-2489840.0132698 -1412121.7544106
-2464531.8548173 -1441091.0226929
-2464615.6974484 -1437036.6392952
-2519288.3928845 -1485639.7356345
-2526472.6587905 -1487720.0939200
-2526361.2425379 -1487656.8560214
-2519442.5784736 -1486780.1554408
-2459161.6011653 -1440214.5106889
-2485825.9775887 -1433876.7996235
-2465163.9270557 -1441123.0391487
-2485020.5340653 -1424825.0997004
-2443094.1160585 -1478259.2923229
-2472291.8617684 -1477311.2502733
-2471748.5842468 -1477878.0688248
-2450457.4417463 -1484291.8995155
-2456089.0461167 -1462736.2678503
-2436618.5906232 -1471807.8803618
-2497844.1831602 -1483571.7566002
-2447305.9425705 -1429465.3509127
-2441066.2748190 -1433431.9399560
-2447964.2986802 -1428883.3986318
-2447194.1218168 -1429433.3597406
-2446548.1981074 -1429923.2835996
-2313648.7061572 -1503467.0117622
-2331866.4838493 -1497508.8625223
-2378779.1465316 -1574719.7997244
-2366798.6218187 -1581775.8199850
-2379673.4659419 -1450960.8757889
-2393195.6748835 -1558335.5242077
-2344183.4770653 -1569399.7560287
-2486136.9282489 -1430344.4244779
-2424206.0323430 -1511487.1924367
-2344466.0964218 -1578353.2316999
-2360548.2637106 -1584834.7208039
-2353174.2025859 -1583675.3835979
-2431256.9235938 -1438571.1210288
-2497966.1140110 -1474750.2966192
-2490405.8485485 -1471933.8395917
-2500740.0986474 -1475903.6416861
-2509121.2168656 -1479370.4264028
-2417243.8246532 -1509827.2477032
-2232154.1434242 -1553886.0621536
-2314499.1005494 -1468523.0214386
-2248644.7663725 -1561358.0877350
-2369128.2641668 -1464726.6821682
-2474661.6206466 -1491003.5388950
-2462736.0140898 -1484693.0452801
-2456058.5907441 -1476403.8016132
-2460690.3133983 -1477148.1102622
-2475668.2191350 -1477337.2524405
-2485263.4539453 -1484395.9150973
-2491185.5380346 -1411388.3654376
-2444935.7994376 -1467612.8010853
-2464825.0495590 -1440967.1357101
-2464417.9684454 -1441083.5959519
-2450093.5472730 -1447374.0270965
-2464703.8631285 -1494787.9650824
-2471814.2662695 -1487796.8133530
-2464711.3736387 -1476787.8055373
-2455526.8392481 -1477911.0674118
-2456135.2264237 -1476285.1770450
-2461937.9658034 -1484791.6143106
-2465841.0059977 -1482980.2535277
-2464410.6295931 -1482276.3882677
-2464427.5865216 -1482129.7220950
-2464599.3929378 -1482516.1323946
-2465800.8857571 -1484092.9836263
-2455811.4438128 -1476718.4347163
-2461041.5526930 -1477083.3679942
-2475462.6610433 -1486716.2472992
-2490427.8647263 -1432884.5244553
-2463774.9650261 -1440857.4177192
-2501732.1570435 -1410102.6673466
-2369975.8498970 -1546961.3927977
-2382246.8639540 -1612259.4277852
-2328721.8155036 -1630710.6521405
-2366456.5061196 -1581896.9797282
-2313384.8667312 -1503742.8354279
-2343530.5133749 -1564353.5249074
-2345886.6823033 -1564676.3944911
-2421846.5297001 -1513043.9164533
-2355083.8737775 -1584598.3230459
-2366644.6409561 -1581459.1984604
-2366934.5478259 -1581771.3806801
-2314698.3184049 -1453603.1450095
-2517277.8266508 -1485942.8687066
-2506987.6661861 -1478538.8260810
-2504012.8641731 -1477341.5374766
-2505736.4525534 -1478045.4736581
-2514777.7048846 -1482946.5852459
-2243835.9665044 -1569622.8329931
-2408443.8301156 -1446540.6094422
-2312783.6523128 -1469603.8043408
-2327118.0781552 -1456159.0793362
-2417227.3401865 -1510662.2015330
-2469491.8060150 -1479654.8557489
-2451242.0402778 -1482035.6850162
-2456263.1252510 -1476396.1679514
-2457810.1420542 -1477566.2331006
-2468594.3433586 -1477333.2213300
-2472158.0874664 -1477456.5402465
-2459143.8255914 -1487448.8401875
-2458677.1440581 -1474472.6945883
-2454176.5058669 -1475468.7446772
-2472592.8950484 -1487632.0811968
-2469332.7411505 -1477779.1741416
-2456541.4695337 -1477939.7564943
-2456147.6238531 -1476287.6599734
-2462253.3502445 -1484784.8748176
-2464934.0142343 -1482760.0455740
-2466317.7728779 -1480813.2592864
-2473642.8109541 -1482316.9247817
-2458444.3042916 -1477174.1516731
-2512216.3394873 -1486132.4187419
-2512141.7109220 -1485952.2764604
-2512152.3409692 -1485991.9059185
-2512069.8276657 -1485722.4615961
-2533108.1687150 -1487151.4525397
-2456706.2816271 -1490657.3376273
-2469511.0934065 -1479696.4486624
-2465343.4780421 -1481287.4793418
-2465844.2504689 -1481049.9603366
-2471092.5052142 -1480702.9077025
-2375073.3284595 -1616935.1929517
-2365932.2389923 -1621102.3013609
-2326844.5833176 -1497504.1139183
-2326732.1705804 -1497290.6073572
-2377491.0226477 -1572399.7710606
-2345055.5527197 -1577024.5288987
-2353239.9292068 -1474097.2271930
-2413240.2660356 -1486510.9865565
-2344629.9926236 -1578553.6262135
-2365232.5904883 -1581354.2899803
-2366944.4616886 -1581752.1759428
-2353202.2475706 -1583674.3376638
-2235507.7660614 -1553374.3272957
-2431530.2960100 -1438388.7504729
-2446145.5698716 -1430362.5525980
-2447475.4047379 -1429336.7179526
-2509342.6446602 -1479454.4795701
-2245817.6262271 -1577749.4746326
-2293250.6244195 -1449436.3658777
-2232846.4444811 -1553646.5879193
-2298922.7414098 -1465102.7256917
-2498698.9362991 -1475032.0218011
-2469536.3960656 -1471400.6481633
-2465117.0750311 -1484311.6574707
-2458311.8863186 -1475035.2964310
-2455364.4911016 -1476952.9041524
-2456017.0862941 -1477995.2419329
-2459066.2753350 -1477374.2688197
-2465076.5656509 -1476780.8110401
-2468115.9120920 -1477093.7406388
-2462875.2434217 -1476882.4144416
-2456100.1946442 -1477994.7203747
-2456545.8170203 -1475979.5527487
-2465882.8325441 -1484030.3777775
-2464534.0990130 -1481709.2738883
-2447294.9032638 -1480839.2348839
-2526089.5243881 -1487523.7070600
-2512143.6291427 -1485958.6337771
-2449723.7760202 -1472851.0617932
-2447628.8305262 -1429160.2740247
-2369708.9019669 -1454478.4457752
-2372748.3829961 -1475078.2997074
-2369496.4463137 -1467347.6306979
-2374341.2841085 -1471873.1691814
-2365310.0476262 -1477987.4689642
-2392630.8595533 -1466902.0047959
-2370820.1468519 -1491372.0969524
-2368795.5297009 -1482021.2066214
-2366649.7251098 -1479459.5710019
-2425010.5622930 -1576006.7342543
-2363249.9859120 -1624070.0506460
-2343694.2897887 -1624888.0982025
-2367544.5191313 -1584077.6399626
-2380537.3008667 -1450975.9790090
-2344386.0537701 -1564112.5154403
-2343621.7905289 -1574854.6977337
-2511375.9394440 -1486738.0566896
-2347967.4907580 -1449776.0626407
-2366634.2300682 -1581113.4808346
-2365266.8779336 -1581364.0791391
-2355723.7213111 -1582559.3602810
-2366759.4786264 -1581482.5483338
-2312473.4247973 -1452886.4335671
-2317974.8376483 -1468655.1452197
-2394164.8648611 -1461503.0482420
-2238174.4630958 -1572135.1500621
-2517490.1146106 -1485660.4491628
-2515103.0566986 -1483107.2642992
-2445387.0766309 -1431148.3877916
-2249241.7759861 -1574704.7308846
-2410583.8706138 -1451961.8049569
-2403997.8600081 -1427721.8204663
-2326952.8738461 -1459424.4162618
-2418954.8601646 -1550950.7720301
-2485572.3180700 -1481592.7866087
-2464986.7783126 -1482890.4558896
-2462652.1818951 -1484749.5059406
-2452383.3013507 -1482646.6669699
-2448323.2974905 -1475628.8566284
-2453178.2119295 -1476212.6946871
-2451501.1450553 -1482210.0415902
-2466323.1588281 -1483291.3084886
-2469383.2485339 -1479662.9879469
-2477156.6687416 -1433516.6405881
-2331353.1097099 -1454631.4863013
-2356074.6984984 -1438871.3397958
-2445314.7947919 -1408088.7332444
-2324156.0447413 -1469995.3708448
-2316072.3195678 -1468706.6158202
-2496876.5130497 -1474355.0894111
-2418785.5394953 -1573073.5208387
-2345785.1309190 -1442027.4722478
-2356910.4344057 -1533734.0440841
-2418837.5131701 -1537351.0486865
-2357133.5319016 -1439226.4152510
-2544070.4323958 -1503747.5284747
-2475371.0123707 -1465100.5444258
-2479647.9847424 -1496262.8817215
-2447532.9011388 -1429283.9351356
-2270982.0090037 -1462673.0152874
-2324898.0023242 -1496569.5687307
-2366527.1574028 -1581556.3314496
-2331858.1907095 -1498858.7464226
-2386233.8148851 -1601855.6213969
-2373439.2426752 -1526538.5570286
-2343390.2236137 -1571621.6584721
-2280580.3910499 -1453037.8733556
-2405020.7938274 -1461248.8456717
-2348638.9479138 -1583401.4719607
-2359475.5198100 -1570534.4635453
-2365208.9703680 -1581349.1535402
-2356064.6899387 -1582333.0366114
-2366531.1601250 -1581211.7220963
-2366899.4283963 -1581649.0391043
-2366831.1110644 -1581587.5564486
-2363895.9881261 -1581082.5413309
-2367203.4428586 -1582139.9793846
-2331905.8960105 -1453376.9732479
-2296648.9997072 -1454214.3993377
-2480593.7160585 -1467176.4963075
-2403996.3768277 -1428191.3749929
-2366438.8326516 -1581415.7689783
-2356089.9522214 -1583438.1828432
-2301757.1307648 -1494244.8143746
-2451191.4406255 -1411596.3802759
-2278443.9551411 -1449714.3324491
-2426173.3395662 -1443029.8233134
-2372532.9853036 -1474940.4263118
-2428541.9445397 -1440418.6733509
-2440922.9903322 -1433665.5503792
-2367567.3865783 -1452750.4935202
-2408019.1167506 -1448340.7429630
-2317676.9104381 -1468612.1988965
-2297035.6309528 -1465655.4785524
-2423215.1975031 -1511771.7463479
-2394043.0162150 -1495592.5595203
-2311918.9319396 -1505668.7391066
-2245595.7212835 -1568821.9798891
-2354814.4411664 -1576656.1838405
-2318317.1616172 -1469002.3414770
-2314026.6069011 -1492010.7158041
-2496590.9654351 -1474255.4203305
-2375122.5339478 -1468095.0131649
-2425379.9305782 -1443929.0347843
-2486009.0278810 -1429261.0203008
-2515495.1437225 -1486814.7065979
-2395356.2272278 -1480948.9875273
-2316789.8899336 -1468639.9476865
-2280439.0185327 -1452983.4694810
-2409055.0955250 -1450559.7725666
-2366614.1814053 -1581598.2387586
-2392215.1463806 -1489768.4775148
-2319241.1955219 -1497317.9504795
-2369152.0401881 -1617353.5099072
-2392732.2805658 -1557179.5757255
-2343684.0682832 -1570222.1490066
-2405463.3499326 -1503081.4749749
-2338105.7056851 -1479653.3394816
-2343442.3848580 -1457955.6045523
-2353335.0031440 -1584161.1462220
-2354616.2198264 -1576277.2568054
-2353276.3463142 -1579532.7430932
-2350449.1342590 -1581605.6174632
-2389544.1320203 -1513411.8811016
-2421517.2168822 -1441805.3226726
-2338697.8260578 -1473154.1521544
-2339142.1256139 -1469736.5581789
-2360429.5128582 -1582157.4159449
-2362090.3192078 -1582921.4285344
-2366912.7481000 -1581703.6891072
-2279819.5432740 -1451984.3099471
-2303810.2743355 -1463292.5461106
-2361896.8645220 -1582796.6846743
-2343170.0390787 -1569825.9094837
-2106604.4101914 -1525642.2493979
-2355223.6986657 -1584347.9375185
-2293416.2156149 -1456039.0495768
-2353021.8120918 -1583588.7913745
-2363529.9654447 -1579713.0756424
-2371412.0298827 -1594130.1849202
-2278308.5601383 -1447874.8390867
-2280348.9626279 -1459210.8468038
-2279509.2476253 -1460089.5416263
-2280493.4394599 -1459012.5601653
-2243291.0436136 -1561495.4505406
-2366336.6760930 -1529113.7589184
-2310914.1318349 -1505887.0365800
-2244070.1906472 -1563383.0887317
-2282589.4163009 -1449309.0481162
-2278931.6456987 -1450734.4894899
-2265770.3623443 -1430080.8577038
-2315922.8207999 -1468711.5706579
-2424861.3929150 -1444184.8065895
-2479433.9898636 -1466639.2263328
-2480377.1293906 -1467071.8367520
-2426045.9942681 -1443652.7303010
-2317917.6223578 -1469301.2714718
-2397918.0016531 -1468268.0364591
-2398138.5229348 -1468781.4630919
-2408441.3677995 -1488321.9065680
-2380683.7794359 -1450714.1182933
-2372783.7583625 -1594554.4775520
-2389277.1397001 -1603403.3908340
-2336594.5097315 -1559106.8153969
-2345781.2931901 -1564455.8814164
-2344560.4885955 -1568689.8022520
-2418256.2370312 -1443141.4291998
-2358953.0915219 -1473058.2819503
-2402734.7835441 -1489166.4254762
-2404181.2756059 -1458669.1337871
-2396174.8674342 -1434539.3171633
-2401626.0052236 -1464949.1673530
-2354336.2961530 -1471664.7457890
-2418597.4405973 -1509921.7541191
-2394086.4499051 -1560005.9078644
-2182075.7508673 -1569998.3919343
-2183089.6957931 -1569300.8386386
-2396675.3594229 -1568277.4804146
-2279153.4416994 -1448196.7999037
-2397032.1573720 -1560981.8031279
-2343105.3477161 -1570781.8182090
-2366866.6989008 -1581645.7536841
-2332149.1884615 -1452892.7545016
-2362588.0358904 -1581348.0289228
-2343232.9648922 -1569428.7828494
-2252201.2421406 -1476054.2975118
-2295717.5416983 -1580246.1717804
-2239923.3956311 -1643108.0353398
-2240075.3035119 -1642906.2908940
-2191101.6298855 -1699046.1600647
-2073169.9325342 -1517968.0906731
-2270669.1983101 -1461994.7961622
-2230688.0551155 -1554459.9918743
-2280214.5677764 -1459373.6882686
-2423281.5684897 -1511725.3840133
-2372737.8511568 -1517582.2269119
-2173048.3727742 -1530949.1655752
-2303320.3588372 -1497813.4999194
-2281042.9879624 -1457823.8684928
-2317974.5157034 -1469295.5292700
-2277519.0223691 -1460180.2376492
-2312250.4987884 -1468042.8813604
-2492380.8166079 -1472868.8459159
-2481068.2402421 -1498255.5848872
-2403998.8339318 -1428081.5948210
-2267754.8181703 -1435417.2507115
-2296666.1099946 -1490900.5420790
-2409818.8002731 -1450971.9424933
-2410563.1517921 -1451591.7685019
-2396744.3531641 -1465603.8303384
-2341274.7779446 -1625651.3235679
-2371481.6218522 -1618162.2818590
-2381784.4292005 -1527900.9535983
-2384005.2440766 -1541586.0354976
-2343540.0567525 -1570551.0285202
-2345874.4197912 -1564803.2551776
-2355994.9202250 -1485773.3429213
-2381489.0730592 -1485468.7400146
-2420392.0059488 -1509142.3391469
-2368844.7980082 -1479726.1706848
-2410798.2107398 -1450613.1840949
-2462843.5430951 -1438253.1004591
-2316031.8706392 -1505436.9279654
-2392971.0341869 -1554120.2964766
-2260385.9852184 -1504084.3830627
-2356133.8113567 -1570167.5574435
-2366950.7438145 -1581983.4775604
-2402767.5272966 -1434821.0240772
-2368041.4888399 -1583882.2867534
-2355044.5583427 -1476164.7690724
-2397068.6361656 -1497354.2463305
-2393036.6185994 -1570559.6410015
-2359990.6039519 -1578824.8944558
-2366803.4041806 -1581552.4068473
-2366669.2905087 -1581397.8992033
-2393112.4615507 -1554102.8482271
-2385225.3887283 -1506667.8443739
-2343119.8089503 -1571652.4920882
-2237848.2561381 -1552165.7362506
-2295728.7510801 -1595568.9331929
-2207502.6199267 -1647899.1637907
-2255373.7217686 -1613657.7258007
-2223276.4297600 -1522354.4202719
-2312681.8149005 -1505600.7076600
-2238255.7735872 -1566425.6267760
-2413541.3934534 -1510097.7051873
-2272672.1939712 -1550950.4500007
-2355307.1069111 -1579196.1199313
-2354448.3957331 -1582893.8905196
-2297865.0468657 -1445993.0001521
-2314208.7906527 -1454226.8517067
-2317113.1710899 -1468618.5012225
-2403994.0122754 -1427738.4360306
-2280673.0877430 -1448437.5958633
-2245049.5196771 -1473170.6047146
-2317304.0677920 -1468616.6860744
-2296490.5204133 -1492149.9442531
-2296551.7749855 -1491728.2540140
-2420735.4860581 -1508576.5087111
-2300391.5173725 -1471465.6744791
-2364395.3166958 -1575809.8967841
-2348020.4962499 -1551778.9539599
-2336328.9336972 -1561101.4444879
-2356686.1787443 -1546669.4989014
-2343796.5699981 -1569791.8360715
-2345886.1261284 -1564889.2082889
-2342984.4376552 -1568795.0980432
-2368126.2085212 -1584300.5142841
-2316943.0063110 -1498768.2207017
-2371951.6647911 -1502891.4092661
-2354767.1129220 -1575536.5641687
-2343524.4744774 -1567564.4087235
-2343420.8281289 -1570888.5125277
-2285070.7150400 -1592752.2262857
-2175307.7779775 -1575241.3213516
-2344548.2234283 -1567402.7710127
-2366622.0602321 -1580984.1893289
-2368966.5412219 -1585647.4089516
-2417872.6371931 -1509188.4431442
-2390060.6711417 -1490953.4674106
-2424473.9640569 -1507952.1299724
-2281120.6294869 -1454565.7373238
-2496312.4232539 -1486446.9121474
-2318914.5576459 -1504009.9994936
-2349197.7900333 -1581845.6081477
-2366916.7564709 -1581722.1298360
-2391481.6273792 -1518325.2205582
-2396312.1045013 -1568238.1582809
-2396916.4377769 -1567369.2494535
-2385251.4596394 -1506844.8808153
-2354484.8257352 -1576933.8173138
-2280515.6250923 -1453036.0981442
-2214573.6820847 -1579504.6038400
-2183052.2160286 -1685750.4205981
-2181152.0603777 -1507140.4881448
-2278264.8867051 -1461193.6669516
-2420652.1249423 -1512636.2622234
-2231231.9179979 -1554315.3449565
-2269533.2064253 -1542228.8966114
-2336954.7442005 -1440380.8169624
-2173391.2806884 -1539374.8689761
-2311101.4702928 -1464210.6608148
-2294292.3732134 -1458030.1089254
-2315334.7745674 -1468661.1370001
-2243538.1331942 -1471094.7353301
-2248338.8102856 -1573467.3222811
-2400577.8663314 -1475549.8340505
-2419033.2070818 -1510663.8943102
-2403595.3173133 -1428879.7597592
-2275047.2503642 -1475887.0829993
-2343242.9033028 -1567991.6294465
-2336387.2441364 -1562571.7795601
-2392694.6005193 -1557141.7097041
-2345948.3613283 -1565354.5119050
-2345104.5580669 -1567858.0293552
-2345773.7289098 -1564371.4320153
-2391138.5490619 -1554139.1305099
-2336300.7005595 -1561096.6243418
-2342721.7816695 -1570412.0122138
-2343422.6317580 -1568204.8320317
-2343420.1791505 -1567566.0424656
-2218943.8865330 -1542841.3498558
-2266695.2533821 -1582933.1921289
-2250745.4060374 -1475402.4310748
-2370606.8848795 -1593942.3725267
-2344539.1437408 -1567479.1647209
-2358947.1263169 -1569435.2194737
-2362534.7393711 -1602600.2610827
-2356996.2875892 -1581221.8210022
-2378783.2360329 -1447076.5692943
-2341009.0629590 -1462647.1117261
-2513776.9767513 -1488236.7328910
-2279631.6819507 -1448285.3911451
-2323953.9038648 -1504472.2024922
-2408515.2801016 -1452214.6423929
-2348521.0610091 -1483916.9491525
-2358412.8575322 -1584114.3189812
-2363245.7283876 -1581203.5023672
-2343066.6173536 -1570520.7853153
-2381835.5275130 -1528400.8282128
-2344736.7878784 -1580139.7594792
-2385398.0008750 -1506892.6150850
-2385187.3268452 -1506714.2049453
-2231112.6037568 -1558494.1286804
-2243370.1886510 -1561539.2668412
-2180713.5197845 -1685623.4079873
-2231514.7874291 -1554176.8894765
-2242463.7570165 -1558627.6351313
-2133864.6916856 -1519029.3311533
-2480441.3408872 -1498896.4530464
-2148444.6858435 -1517117.2773931
-2315602.8046646 -1468689.3331559
-2315962.1197671 -1468711.6026109
-2255357.8610621 -1426688.6360802
-2243845.6833090 -1562703.0914327
-2316052.3833082 -1468682.0829097
-2408236.9926368 -1449847.3821158
-2265215.7201127 -1477915.2439746
-2316407.7174592 -1468667.5898007
-2318277.8861247 -1468681.7189754
-2372274.5281202 -1528188.2396262
-2392940.4610034 -1557799.8054169
-2342180.9347411 -1564799.1146555
-2345837.3235864 -1566294.1002338
-2345922.4606068 -1565131.5346385
-2343209.1405458 -1564458.8023558
-2391651.9255128 -1555139.0396748
-2342783.2280846 -1568369.6614518
-2343529.7847681 -1567881.6744224
-2342144.7634907 -1568806.1263990
-2286696.4934396 -1584212.6617454
-2254566.6041381 -1591135.3873116
-2263757.5248442 -1585659.5409253
-2357060.3316143 -1581143.5786686
-2382700.9157646 -1449835.4835423
-2344690.0126894 -1567301.3702594
-2357750.8740405 -1569506.6949122
-2360775.9826886 -1603286.6763568
-2418697.6152523 -1510263.5265834
-2361468.4248616 -1572279.5901981
-2418673.0718992 -1510278.1930961
-2376372.5664197 -1495515.6895410
-2353901.0440698 -1473428.3277973
-2516995.9633377 -1489566.6115804
-2488174.8636061 -1471276.5630914
-2280847.3815943 -1453749.2329013
-2357766.0945529 -1569502.5040809
-2343078.0433554 -1570249.0426000
-2363939.0434114 -1581248.7080770
-2364403.1450901 -1581254.7082041
-2359636.9004126 -1570722.2893219
-2368116.9113342 -1480702.8362371
-2361276.4396017 -1581017.9189414
-2345225.1142702 -1581947.6588690
-2378007.1119098 -1501102.9969255
-2367216.9359405 -1582251.9905777
-2265817.7358605 -1477101.8133777
-2138723.5630968 -1414810.8673806
-2271650.9663959 -1551763.7326180
-2374375.8563445 -1514639.0093678
-2313118.6761864 -1469694.3675557
-2181515.8240189 -1536086.0530794
-2318526.7613334 -1468675.7986402
-2251170.7782585 -1475035.7624941
-2243940.4239859 -1562821.2291112
-2243824.1748365 -1562556.4906676
-2402743.0677801 -1434457.3199439
-2419155.0182088 -1455198.5686361
-2242790.8229070 -1565991.1555521
-2317907.1407628 -1468659.7604437
-2394991.4330333 -1563970.9898612
-2390903.2682450 -1553683.7315496
-2342828.0532669 -1564615.6432244
-2343732.8478514 -1564300.8178261
-2341951.1638556 -1564797.7014369
-2392611.5861001 -1557038.4051832
-2342645.3824367 -1571640.5690134
-2343474.8887943 -1567615.5174040
-2383820.3388713 -1525019.6199047
-2173069.6757124 -1539361.0602466
-2184860.5616326 -1567486.7478755
-2266979.9384034 -1582698.0626208
-2182830.3457581 -1569180.7637724
-2370260.2196287 -1593886.9006018
-2398399.4721542 -1492794.0987780
-2344603.9104291 -1567602.7326208
-2356287.9628061 -1569985.2730002
-2362346.4939794 -1602672.4257442
-2366993.8871079 -1582054.2850718
-2366569.7922780 -1581543.0946599
-2382336.1767618 -1450075.9928788
-2419597.8910650 -1510762.9661781
-2358498.7221209 -1569416.1696791
-2353722.2314163 -1577588.7359498
-2278423.8088757 -1449341.2764300
-2514283.6566297 -1487463.4612667
-2385788.9250603 -1486988.5559115
-2353104.7934560 -1488581.5335985
-2420306.6042484 -1505032.9710488
-2342913.5000624 -1570590.8041063
-2345407.8297595 -1579447.3412888
-2344275.8189566 -1578454.3211008
-2391441.5729616 -1520793.4943903
-2357145.6389018 -1585472.9058328
-2354705.1550562 -1576018.6910746
-2345259.3127898 -1580972.7241597
-2348068.0522246 -1541135.6542222
-2404683.8383481 -1445224.1021322
-2183449.5656867 -1626576.0808632
-2150136.3820706 -1447862.4312874
-2374251.5904828 -1512316.0619872
-2316488.9538151 -1469818.4468955
-2128488.1167319 -1520831.7287621
-2173461.1728873 -1539372.7293616
-2249114.9165856 -1468691.1206038
-2314684.8018521 -1468492.7218703
-2237206.3315114 -1552274.2575579
-2299610.6725009 -1496751.6149080
-2406189.4064912 -1492752.0812191
-2233009.0434090 -1553469.3120746
-2369465.1357773 -1532729.3869464
-2382299.4746055 -1519856.4792564
-2341537.9052774 -1570302.0814247
-2343250.7105291 -1568380.4985466
-2342703.1774294 -1573662.3233256
-2343516.5162217 -1567742.6410551
-2339230.6635818 -1569565.3635772
-2366186.3512757 -1579583.0363337
-2285459.8421497 -1595475.7650349
-2251390.7082786 -1476096.7373020
-2266202.9775928 -1583385.5604018
-2266807.0233853 -1552521.2569588
-2027223.3579281 -1495773.4549271
-2366527.4971099 -1581519.8685677
-2330408.6207393 -1498059.5790345
-2344261.2608467 -1568166.6925993
-2354432.7159358 -1576035.1409716
-2366831.9204673 -1581804.7790724
-2361350.1470524 -1603031.6105426
-2361855.0763920 -1602827.4395380
-2354569.9461301 -1575179.9255930
-2382889.9644389 -1449086.9965025
-2418674.6629797 -1510207.6956614
-2382984.4153745 -1449523.4964585
-2375452.4296610 -1500113.1497929
-2419550.2414031 -1459948.0234724
-2424610.3341022 -1508604.8374722
-2416178.9438526 -1502721.0676332
-2417675.8835701 -1511254.1460820
-2413968.3891858 -1446159.4051639
-2382195.6344311 -1470132.9440405
-2444113.8771696 -1431779.0428717
-2342965.5547780 -1570206.0628080
-2343025.4934024 -1573333.5356814
-2436904.1221065 -1435205.9872050
-2343054.6286710 -1573393.4327055
-2343721.1388427 -1577660.5711511
-2344876.4861719 -1580368.1206143
-2342817.5976125 -1571268.9712680
-2133581.0261866 -1519087.1096793
-2115031.0357486 -1470449.3860144
-2242104.1496381 -1557373.9365407
-2278535.1351246 -1447994.3353133
-2307429.3430153 -1500717.6650545
-2236418.9864114 -1472417.3951557
-2241335.1262663 -1470008.8120927
-2312557.9878640 -1468082.4570434
-2287750.5393398 -1450628.4991931
-2229630.9889517 -1556355.4595485
-2311158.2423277 -1465175.2883492
-2343403.2028090 -1568181.4277741
-2343507.8418136 -1567865.4299813
-2343475.2337635 -1567739.0683474
-2343424.6984267 -1567673.4845604
-2343142.4551443 -1567869.5146334
-2374601.7961344 -1525936.1873756
-2219006.7989962 -1542779.8298878
-2292355.2311410 -1506834.5111110
-2293524.2029038 -1589168.3029838
-2080302.6161365 -1509382.0062542
-2259623.2744349 -1561996.3685918
-2177073.3672433 -1580295.2504333
-2088157.4369068 -1502983.5010205
-2369658.6056489 -1593900.6813245
-2331523.6171344 -1498243.6624634
-2343850.4501261 -1568808.0068364
-2354189.6128637 -1577290.5206862
-2369211.0253304 -1585921.4780107
-2359562.1886686 -1604064.8153520
-2361124.2609189 -1603127.7499250
-2354310.4890016 -1577805.8646163
-2351286.8751061 -1581089.0692564
-2400021.6718790 -1491562.1291276
-2381573.9842602 -1451021.4102933
-2322700.9427946 -1495540.4723133
-2348443.0112875 -1514847.7147447
-2372554.3964270 -1512461.4371613
-2361419.0205787 -1483388.6688702
-2418889.5143315 -1502493.0061570
-2333520.1549307 -1508732.5339085
-2355547.0968270 -1487684.7130430
-2394194.6305891 -1476006.8949120
-2350125.6814726 -1585504.0480329
-2343881.6474532 -1577132.9852422
-2342804.4472162 -1571747.6403716
-2391244.7729787 -1521336.8997836
-2394807.6150282 -1569871.8416899
-2344769.9093868 -1580195.2426316
-2343536.3646031 -1577070.7032798
-2355013.2145594 -1579365.3489554
-2343227.0991547 -1569547.7071861
-2306645.3989116 -1533679.2795941
-2269055.5156405 -1639940.2549683
-2369541.1128954 -1508939.4684364
-2312293.1705034 -1506263.0835980
-2480631.8939848 -1390472.7146994
-2114675.9001795 -1523581.0588354
-2113128.0236995 -1522790.4841307
-2166238.7121407 -1541715.8712657
-2231084.0906591 -1554360.1917198
-2343215.4046391 -1567842.5470509
-2345417.1259449 -1553173.0055470
-2395364.8209685 -1565777.9820456
-2369711.2189593 -1586395.8232319
-2244639.4064600 -1565480.6337145
-2279509.0653350 -1590559.3241965
-2295122.3592003 -1510007.7391480
-2289474.2354122 -1511136.4085038
-2182354.9424530 -1567177.7581763
-2173339.0766002 -1539346.2576101
-2183755.0582830 -1660984.7861836
-2177652.5452865 -1571774.6839915
-2119845.0633221 -1453813.0070148
-2368180.2579643 -1511252.7631664
-2378859.5308459 -1452135.3989303
-2344291.4801010 -1568120.4579277
-2354228.9390476 -1577872.3106307
-2367238.6845198 -1582156.5293258
-2366714.8029831 -1581667.4272202
-2367625.1518803 -1582952.2877012
-2354114.9624779 -1577951.5539335
-2354137.6732319 -1577990.7536905
-2343106.0484901 -1572388.6971489
-2344265.1678789 -1568161.4198780
-2331718.7710910 -1498455.1140243
-2377519.0342007 -1447139.9092346
-2359260.6893897 -1569507.7422470
-2363337.6164271 -1527794.5835543
-2354007.1864596 -1577138.7256641
-2410880.3086324 -1452487.8829937
-2418620.6278824 -1513459.6468173
-2408767.2986178 -1451547.1461739
-2411387.8607770 -1452930.6662733
-2420661.4100097 -1509319.9595256
-2348227.1138148 -1545511.7050305
-2343064.6836402 -1570400.5349958
-2343198.9250461 -1574001.5300873
-2343038.2950726 -1570535.1156383
-2354911.8732411 -1574109.8511416
-2343252.8875078 -1569440.2152438
-2354025.6754414 -1581240.1857222
-2366016.5359063 -1581575.2649228
-2290719.6207092 -1600605.8551277
-2181320.7403924 -1610649.9876595
-2309872.3931289 -1552421.9204882
-2273248.2281756 -1462531.5585396
-2276157.7952022 -1462779.5064014
-2173265.6862502 -1539219.6987039
-2299409.0168949 -1468392.9410720
-2332802.5561931 -1445833.5296563
-2245260.8285458 -1566708.2608623
-2246511.5376621 -1570679.0527718
-2219005.6868449 -1542754.3471301
-2180554.5082890 -1608091.6927511
-2295643.7446084 -1507772.0532139
-2294822.4862040 -1508555.2996601
-2239532.2281580 -1481046.1939975
-2294728.8491931 -1509207.0156164
-2277056.3914121 -1593914.6395626
-2262315.3283494 -1514704.7145859
-2173000.2231886 -1530754.9284609
-2187513.9639641 -1578552.1993028
-2178683.4910210 -1516873.2985032
-2354759.2701344 -1575674.2283099
-2409545.9669168 -1498176.8906786
-2344619.2121918 -1567187.7261627
-2351566.0498121 -1580858.7474576
-2358862.1908194 -1569433.2874629
-2366444.5418893 -1580542.0305206
-2354156.8507323 -1577888.4592994
-2343416.8388025 -1569950.4059258
-2344439.5650647 -1567658.4155507
-2316729.4514874 -1498926.9746646
-2318614.7207667 -1497648.5864401
-2344460.0406497 -1567620.9761655
-2324873.4442454 -1496416.5834973
-2396356.0699478 -1490996.0335937
-2354052.4435946 -1578004.2593031
-2366185.2733340 -1524009.4569379
-2314661.2594072 -1504997.0919206
-2349944.0097719 -1453781.5677968
-2411265.4333776 -1452849.6932116
-2419318.8974351 -1461273.4811410
-2398875.4098105 -1449827.3889584
-2369715.7995528 -1586559.1924056
-2359524.1168989 -1581186.3435927
-2368625.5157798 -1481341.9603669
-2343166.9131614 -1573766.6795595
-2388696.3590244 -1512190.2909992
-2343034.9904986 -1572040.1167114
-2343344.4994374 -1569279.6979370
-2343085.5252545 -1569617.0761281
-2343233.1574605 -1570813.7282944
-2220093.4683055 -1527789.6752780
-2179518.1668498 -1569020.3571059
-2247936.7725633 -1440417.1137755
-2273364.1242364 -1671632.9430716
-2194773.3707297 -1591804.5902588
-2254380.7542491 -1591247.7762481
-2262683.1541703 -1586643.0291381
-2354824.0435205 -1575011.4502487
-2237261.6088058 -1552582.9657901
-2239730.4037925 -1552844.3997196
-2218788.5678843 -1542796.9944564
-2292770.4302645 -1506886.3122087
-2238272.7048433 -1480598.7994077
-2222557.9798789 -1615951.5646970
-2273839.6475734 -1537491.5806523
-2288726.4419907 -1510726.2303108
-2293100.9459449 -1580599.7131637
-2176235.7439687 -1651955.8138361
-2118261.6073035 -1450331.9596182
-2086112.5050008 -1507322.5371599
-2357224.5343296 -1581649.4495971
-2378571.4147451 -1451711.6414908
-2382006.7510027 -1469805.9666704
-2343816.6497449 -1568870.7184350
-2354127.7755890 -1577914.8955261
-2351611.6296013 -1580825.3412283
-2344579.1710115 -1567399.1935661
-2329223.0068102 -1497555.3700510
-2391701.7188448 -1483444.1724234
-2382163.3139094 -1450157.9354970
-2382242.5677601 -1448456.7382232
-2379365.1774073 -1451897.5057104
-2382609.0672270 -1449914.9335159
-2337966.5298316 -1503136.5984813
-2401307.8830973 -1501942.9834034
-2367323.7514706 -1582695.6823913
-2315837.4023013 -1505581.0105785
-2353753.6372982 -1577566.6281386
-2346014.3701187 -1493211.3308091
-2332014.7364156 -1453240.6053983
-2390450.0529723 -1487888.5466342
-2389018.5707940 -1488599.9993637
-2393380.1629091 -1570147.9174291
-2384212.7098739 -1505248.7065874
-2354931.8722979 -1438313.7777933
-2388046.9084293 -1511112.5028170
-2342888.7811048 -1570724.9979813
-2370720.9442167 -1506649.5532637
-2354846.3835504 -1577905.5331479
-2345494.8948073 -1580000.3363802
-2362461.4391477 -1575059.6582157
-2343134.3968232 -1573997.0460110
-2171571.5978377 -1526397.0444746
-2293147.9936899 -1575766.0392036
-2323223.8449753 -1495304.3001088
-2172143.1017869 -1456692.9218546
-2123246.6949219 -1504661.9288785
-2367859.8933025 -1596915.2499876
-2366902.4317722 -1581918.4701007
-2317210.2932996 -1498368.9903600
-2218957.1278279 -1542612.7701938
-2200062.4960416 -1628824.0840125
-2158383.8387187 -1524595.0228684
-2221518.6735169 -1604948.6411038
-2293397.9881618 -1506968.2373301
-2293851.0312858 -1506994.6907700
-2292818.6295711 -1506825.0032914
-2170999.0697503 -1593843.4084777
-2131247.9228374 -1521646.8475315
-2059999.5898914 -1517528.2387683
-2174726.0133371 -1578839.2815656
-2343479.1749448 -1575391.3622605
-2375181.7344746 -1448106.4930177
-2318564.8057801 -1497643.9920085
-2344780.9446935 -1567164.7071087
-2331719.9819701 -1498474.7951609
-2381690.9817706 -1450731.5773455
-2321079.9957963 -1496118.3058143
-2322633.9863625 -1495494.6934070
-2322678.8033492 -1495478.2112534
-2321967.6631200 -1495813.3729077
-2421012.3362988 -1510466.2423942
-2323915.1373936 -1494463.2030360
-2327053.2985989 -1497435.9525279
-2359158.9763599 -1569458.2848718
-2314649.1042102 -1504880.3769131
-2366822.4377502 -1581350.6969649
-2318486.1195936 -1497726.2256258
-2369501.0456845 -1586314.1690349
-2515402.8136617 -1486766.9894537
-2422113.8156111 -1448902.3476268
-2384360.6480993 -1450771.7968458
-2393893.5436512 -1568636.1273138
-2359976.8317796 -1580897.5829110
-2394608.4231111 -1569483.9130757
-2395626.3093716 -1568704.5984627
-2419740.2134202 -1442422.5978980
-2349674.0869979 -1475521.7597916
-2381360.4066789 -1501807.9134913
-2358469.6606717 -1578901.8447623
-2349564.7917706 -1581852.3188471
-2343136.5701850 -1569454.4236357
-2358334.8555619 -1578632.6042723
-2344573.9172858 -1578854.4149339
-2343302.0392108 -1574870.9317790
-2060180.6808841 -1530103.6800625
-2275643.7881389 -1592559.7035971
-2242906.3257632 -1560268.3806203
-2379932.9033024 -1448078.8048865
-2339033.7582947 -1639771.3782375
-2357131.3385146 -1499381.3717882
-2259140.3125161 -1510748.3729044
-2157325.7709038 -1520457.6825959
-2180893.1186921 -1581538.0394149
-2194948.3668464 -1580062.6640265
-2294701.0360880 -1509261.9952063
-2215076.6258636 -1603256.6946814
-2293517.9919818 -1506817.0080639
-2173176.9408400 -1538876.1519995
-2160689.9300107 -1531142.3291021
-2088482.1119434 -1502961.8374858
-2105176.1765550 -1522220.8264105
-2370703.9139705 -1593954.6236715
-2334724.8187065 -1509411.9074615
-2376279.8197030 -1448072.3769067
-2419746.8532693 -1510777.5498886
-2382620.7593109 -1486084.9857158
-2421107.6251554 -1509183.5169460
-2422922.6433943 -1507838.9582700
-2419252.0086887 -1510684.6852687
-2342549.5628113 -1506133.2287072
-2367187.5381627 -1583399.7995947
-2366926.3162184 -1581958.2403344
-2383015.4851300 -1451758.8219039
-2386792.0368993 -1488471.6266494
-2419191.3227862 -1510665.2652524
-2322456.1498527 -1495613.4997163
-2368713.6198926 -1585218.5415664
-2378075.8029162 -1509657.7083479
-2409669.1094769 -1447279.9097447
-2383020.5079589 -1449463.5546310
-2383890.4687885 -1450871.8147541
-2385030.5381451 -1506772.4904767
-2356734.9611031 -1581350.8420423
-2343080.9282346 -1569226.7986241
-2384129.9409053 -1505157.6505327
-2395873.5846683 -1558463.0038173
-2342826.2090249 -1573421.5357370
-2396207.3417049 -1568157.9935164
-2345150.4370092 -1581543.2015518
-2343038.8356023 -1571617.3931271
-2356129.3795378 -1577524.1839812
-2354773.3261706 -1575041.8252178
-2354809.5900672 -1577847.7152884
-2365333.5503341 -1579093.6151803
-2343256.1481118 -1569438.0229728
-2343277.7043738 -1569460.9428919
-2232657.1709449 -1549233.8098140
-2342727.7263153 -1564874.8938742
-2359719.3554556 -1626815.1015119
-2321922.1152424 -1495791.8503086
-2214989.6683473 -1548365.7004346
-2243975.8919165 -1484617.3653054
-2106714.2125943 -1519287.1001127
-2115413.1143476 -1530887.0096673
-2217560.0106321 -1636885.3864085
-2295027.4558310 -1508811.8954182
-2302981.7531109 -1619916.6098272
-2296171.9350825 -1509152.6208529
-2163166.9526239 -1646742.1006039
-2104658.6235766 -1522252.0017653
-2174918.2021985 -1576686.2371524
-2177146.7386197 -1537778.3545395
-2377927.5228756 -1448082.8827312
-2358476.7654673 -1569441.6866812
-2328862.5656768 -1506535.3073201
-2323923.1732674 -1494077.3607582
-2383102.2001363 -1449296.9211710
-2399646.0779421 -1493713.2086331
-2328803.4709432 -1497544.7567076
-2366488.9935449 -1582028.6328698
-2388658.7950324 -1490422.2239355
-2366540.0626043 -1582324.6391823
-2369606.7471477 -1593922.6178940
-2366372.7938879 -1581844.5538817
-2366569.8118400 -1582442.2001678
-2367435.0602886 -1597794.9236984
-2367954.1671700 -1528342.0509060
-2304551.0001797 -1507085.1534603
-2361934.9808576 -1602823.4814923
-2372030.7245728 -1590994.0538838
-2375809.9175779 -1495869.2787294
-2354717.4956161 -1576366.7684806
-2344331.2561898 -1567814.9776254
-2395980.9601091 -1567729.9303030
-2345088.9722518 -1580755.2542331
-2441192.3691645 -1433553.4259991
-2343252.7441256 -1575947.2650326
-2394714.5994674 -1569929.7251076
-2394111.8907136 -1555579.2512055
-2343257.7784404 -1569172.8195883
-2354796.4910792 -1579808.2560616
-2355126.2208356 -1574528.1747485
-2362925.2218396 -1575527.2478606
-2355087.5465670 -1573285.2395201
-2343168.0787792 -1573847.0332664
-2354908.0581206 -1578223.1176531
-2410435.7544167 -1498135.4636885
-2349193.7229945 -1630258.3416570
-2325475.0719444 -1496919.9372686
-2331488.2733601 -1497672.4615682
-2239556.3508747 -1552615.6510681
-2204077.4233338 -1577374.8055905
-2110564.5987460 -1518317.1688244
-2210911.0740235 -1641241.6462788
-2290425.4175923 -1511221.3081380
-2211524.9953308 -1639823.3761563
-2313217.5218404 -1566262.9052226
-2244631.0629632 -1680279.0624413
-2292032.6416131 -1510904.9815990
-2212604.1638486 -1604770.7065125
-2272623.0591908 -1484233.9918039
-2122023.0417517 -1526442.0252671
-2121432.1826069 -1451682.6724071
-2182304.3727590 -1568097.2449429
-2272067.6298705 -1533369.7839710
-2367364.0091298 -1582754.0916595
-2367035.0859976 -1583254.9999911
-2366644.8307163 -1581050.5063987
-2323803.3557959 -1493999.9985871
-2343512.4202305 -1569615.2361624
-2359644.4905878 -1603981.8920480
-2354808.0919792 -1575037.8031077
-2243891.4119636 -1562984.0184018
-2302381.5278222 -1508033.4280683
-2394220.4604903 -1566733.9439481
-2322710.0715686 -1495486.3666517
-2366418.2781185 -1582041.6404709
-2370057.3621957 -1587779.0866146
-2365658.1851907 -1524698.6486621
-2369662.8487886 -1586564.9794038
-2318258.9897371 -1497859.0541162
-2354954.0454842 -1578136.1214006
-2343658.2484683 -1568215.0663517
-2345342.6913555 -1581318.2165635
-2413968.1259934 -1446132.5417551
-2383930.6161812 -1504701.5814093
-2373403.1115857 -1483764.3260709
-2356407.6578149 -1585263.4922093
-2394730.9673660 -1569935.8880727
-2395473.0170393 -1568935.8860841
-2396206.5002853 -1568156.3236166
-2396279.7531817 -1568102.3293972
-2396079.9468672 -1568257.4045064
-2395442.7204119 -1568964.7161140
-2395707.7458308 -1568643.6706319
-2344548.2004296 -1578493.4600509
-2366744.9724281 -1581716.4940464
-2366659.5839542 -1580795.6896868
-2379689.4289484 -1449102.4457943
-2354058.5723743 -1578186.4526371
-2215524.6250451 -1546275.2787407
-2215220.7186880 -1548961.3102747
-2174637.6005146 -1594009.2780472
-2208263.7208108 -1641905.8222043
-2295025.1291618 -1508823.7669915
-2363974.2139474 -1516129.6096312
-2307643.0726333 -1610560.5451923
-2304722.0302956 -1614231.4488319
-2296116.3838063 -1508665.8618217
-2243139.7785624 -1560755.6277179
-2146461.8234892 -1515553.6128016
-2167349.0143394 -1523351.2120679
-2173387.2819241 -1539373.3859446
-2102222.4062661 -1525978.3789733
-2173109.5558133 -1539583.9020099
-2178655.8139899 -1570971.7562545
-2104628.1802317 -1522257.5969682
-2295399.9477691 -1510455.6989384
-2366475.0749705 -1582074.9886595
-2343490.6397253 -1505851.5308870
-2356575.1129663 -1580833.1468393
-2101015.2888133 -1524937.8966557
-2175262.6984819 -1575514.7619855
-2105936.1985920 -1524111.1421037
-2267581.0324841 -1552798.9668194
-2383390.3797748 -1504440.2176155
-2410547.8383979 -1496885.7664759
-2377572.1065473 -1447092.3765451
-2371360.8519170 -1517379.3706015
-2396252.6765710 -1567408.3771981
-2354743.5023628 -1576096.2385540
-2343476.7945948 -1507210.9331457
-2384049.6785378 -1505077.1488844
-2345874.4199783 -1583345.6893570
-2397469.8951730 -1563883.4835407
-2394825.4396350 -1569599.4441344
-2343096.3253225 -1569561.6824001
-2396871.0874688 -1567281.6190225
-2395362.1124973 -1569035.6606054
-2394422.5633771 -1569940.7713761
-2394787.7428367 -1569656.9104724
-2395511.7049956 -1568886.5870155
-2389177.0819783 -1513234.5693163
-2362007.2145277 -1574051.9642928
-2314987.6693066 -1456283.5407758
-2165286.5712503 -1429464.1017634
-2145974.0610841 -1668840.4955438
-2149438.3079254 -1670577.5742138
-2316706.5897624 -1498754.4420470
-2373152.6920358 -1450489.5350410
-2326039.4506347 -1493647.5756108
-2246337.8110494 -1569910.7834124
-2235573.7733603 -1480109.3597382
-2152361.6490371 -1518079.4462740
-2334827.8830327 -1527847.8045777
-2303540.9514988 -1508591.3293821
-2296011.8088394 -1509691.7548698
-2312413.0201789 -1562525.5849400
-2251025.2700558 -1634872.0085107
-2215506.2088291 -1601295.3556291
-2173281.2197766 -1539305.1064670
-2120185.3704242 -1449034.9826662
-2241451.1937386 -1554893.4353350
-2249026.3724301 -1567983.7493247
-2174767.2986808 -1579780.2656042
-2121356.9459258 -1523144.0051049
-2184793.8375005 -1566136.7082784
-2175011.4967308 -1576921.8833537
-2260470.5776137 -1479906.4092256
-2402086.9474998 -1438114.5438318
-2186589.0619005 -1566916.7463617
-2179829.9054758 -1569936.1960924
-2185330.6536286 -1567941.6194876
-2171776.6394444 -1527407.7880716
-2297091.6747630 -1465584.9215114
-2354779.5988052 -1575371.0307245
-2368152.6883310 -1521181.2016439
-2376660.7427885 -1542969.7630053
-2356213.3746555 -1534097.3518513
-2344669.5370406 -1566736.5640738
-2354805.7510502 -1577103.1954844
-2383685.3106280 -1504675.5533617
-2446539.4543658 -1429944.8114890
-2393862.7609048 -1570235.4782230
-2343927.0999624 -1577296.8218424
-2354736.6998200 -1575395.2630473
-2350288.8855020 -1582053.4610389
-2352047.3367455 -1581693.9024237
-2360427.1709850 -1572079.8949414
-2354692.9856119 -1578447.4265587
-2350032.8319175 -1581918.2961458
-2355107.7538311 -1578995.7354316
-2343285.9865177 -1569069.7939101
-2214092.3292317 -1496131.4641901
-2213206.1060811 -1441225.1464434
-2419747.9475298 -1510726.3397343
-2336821.1190103 -1602207.2772237
-2141352.9161693 -1637060.5740402
-2218666.3741713 -1539938.3274505
-2297460.5327842 -1510844.0242121
-2324042.8101763 -1495089.3386658
-2245327.3069906 -1566534.2441107
-2295590.5433579 -1507790.6620700
-2186517.6136704 -1602959.0545244
-2304623.5294122 -1507162.0117160
-2210984.9212853 -1602373.4475963
-2316241.3809109 -1506108.5631746
-2312839.9154126 -1561877.0264076
-2256120.9614400 -1620740.6966395
-2295200.3582016 -1510107.8600651
-2362376.6060156 -1583017.6569994
-2126335.8649449 -1526499.9750640
-2267861.1579671 -1551606.2401469
-2357019.2835304 -1581209.0873724
-2366244.4927199 -1495104.9899240
-2105932.2781555 -1523996.9077181
-2179918.2867525 -1571406.0425489
-2101065.5185816 -1524372.2339092
-2179739.0980058 -1570019.3308814
-2186899.2536402 -1564554.0061311
-2179353.7911295 -1570372.2480296
-2185809.9783281 -1567638.9243597
-2136697.9222085 -1520107.1140942
-2215288.6716980 -1549061.3749008
-2243162.0361892 -1561052.7479472
-2294470.3154442 -1499795.0427786
-2358124.4116929 -1581987.9993212
-2394100.7404522 -1567860.8199467
-2397271.1056145 -1561601.7972242
-2354577.6473143 -1577756.8107787
-2360468.0679868 -1581097.1662196
-2396786.7859132 -1567228.3371827
-2382651.4256788 -1539103.9160858
-2344850.7161253 -1578902.2547547
-2354549.7496713 -1579568.2176639
-2343568.6346329 -1575899.2107143
-2357426.1907111 -1569956.0968027
-2359017.6306638 -1570119.9839460
-2357767.3272349 -1569928.7110546
-2356356.7724300 -1570171.3402515
-2360214.5146455 -1572178.4943734
-2155876.0305182 -1629916.1834980
-2152481.1816037 -1407642.5160477
-2173394.5721225 -1539375.7805880
-2196908.6246830 -1439929.4892561
-2281862.0226319 -1555699.2135064
-2328746.6934407 -1550170.2395821
-2318542.3882648 -1497447.3385737
-2255339.9834717 -1590632.1197506
-2299440.5910756 -1508655.0317328
-2250048.1995187 -1571864.8508294
-2245073.9387542 -1566005.6471202
-2193060.0446112 -1551440.2025989
-2238111.0477456 -1480579.9114407
-2290876.5864325 -1511914.2268562
-2210697.5564987 -1606908.9495446
-2209566.5786522 -1597850.2144055
-2309483.7446392 -1559620.2540394
-2241046.5924836 -1677665.3405645
-2243976.5884254 -1642087.4646822
-2368638.1774138 -1587841.3426243
-2244690.8827780 -1551707.4090159
-2106046.2872223 -1522923.2872140
-2343986.7676295 -1577695.4561253
-2356932.1842441 -1581223.4254945
-2242113.0476638 -1557331.7850513
-2250776.3838094 -1473906.7814843
-2182725.1397344 -1569557.5272094
-2185456.9790215 -1566289.8404921
-2185718.1830038 -1567701.4701566
-2175788.4880843 -1574759.8885954
-2129864.4487173 -1522962.8974793
-2249864.8481841 -1476068.5104066
-2258373.9403506 -1478404.4249259
-2243660.6337408 -1562556.3690900
-2244145.2788000 -1563526.2012049
-2294983.1904339 -1459913.8815337
-2386823.8135200 -1492837.9561844
-2381835.1320271 -1502476.7339927
-2354749.8394127 -1575689.6124329
-2379133.9509640 -1447288.2647179
-2345370.6070233 -1581172.1965591
-2365515.6804441 -1507004.4819298
-2354742.0490885 -1577679.8321050
-2355000.1067352 -1573676.2032239
-2359537.1405682 -1571231.9545845
-2343947.9741803 -1578323.3336282
-2396623.9966122 -1568214.0953143
-2397076.2379424 -1567382.7262707
-2381804.3679589 -1502341.5848838
-2300012.9350474 -1567500.3947353
-2288414.0534980 -1656895.1638807
-2313557.6096852 -1461864.3294380
-2194628.8276352 -1528070.9419204
-2156245.7066263 -1458345.4851364
-2103744.7438452 -1527307.4928647
-2320868.3803438 -1524755.2937190
-2267340.9392654 -1552406.7924311
-2218341.2971702 -1540018.2418785
-2307865.8447025 -1504708.9095815
-2363748.8203991 -1479156.5988395
-2245175.0839297 -1566163.0003991
-2219432.8156335 -1542303.5412416
-2252014.6386312 -1547785.5850606
-2290555.7199888 -1510964.3085180
-2310068.8577007 -1572828.1569980
-2292092.9217965 -1624073.9426418
-2299628.0403056 -1529681.1695344
-2311082.4137209 -1606730.1598015
-2245629.7224181 -1612692.2956328
-2277759.4671713 -1471307.1451334
-2351630.2827031 -1580823.0556316
-2404162.6198253 -1445355.7647769
-2306592.3472294 -1505893.9225602
-2315450.1499301 -1499833.0136968
-2299616.6206821 -1494534.9641075
-2243194.4360358 -1561237.2810756
-2217418.4084791 -1550484.8564351
-2157545.3635304 -1519002.3456439
-2105852.7574474 -1524709.8249204
-2172645.8639377 -1529774.8393060
-2217071.0015524 -1545012.2866149
-2244715.6884947 -1552664.5945268
-2243538.7683874 -1562279.6704126
-2355802.1762994 -1580174.1264600
-2243893.7556895 -1563000.0340340
-2354797.7949620 -1575136.8575832
-2393941.0896752 -1563441.2967191
-2354720.4534501 -1576685.1911794
-2354826.6795553 -1577278.1678201
-2394566.0989770 -1569355.2210518
-2355992.9249937 -1438189.9676154
-2344802.6128372 -1579121.2770983
-2354911.2937746 -1574124.9175440
-2360812.1039936 -1581516.0875100
-2397557.6794975 -1565303.9898555
-2343251.8312330 -1569108.0844765
-2343565.8570632 -1568480.7144426
-2259686.7582420 -1615139.1816005
-2275642.9027238 -1593177.0080065
-2270530.4774209 -1673232.4225828
-2294710.9027280 -1642791.0652913
-2288094.0434223 -1657408.1475142
-2162802.7561807 -1432945.4422718
-2205252.9386893 -1443306.9846734
-2242598.3832227 -1669295.6254896
-2247478.0312971 -1564436.6321887
-2215092.9613851 -1546424.7291226
-2246287.3394775 -1567939.8628388
-2319568.3460827 -1496827.8645401
-2362198.4458497 -1497760.0265365
-2245178.8135629 -1566131.4917793
-2216569.2207630 -1550373.3594596
-2242629.3314364 -1543137.5481044
-2289554.8231211 -1511323.4816997
-2301511.4579817 -1605230.1300406
-2205189.7696007 -1596762.6028436
-2204828.5330823 -1597444.1293278
-2313237.1271545 -1560352.1262520
-2267765.9478249 -1626711.7716869
-2208478.7940120 -1596019.7308299
-2305133.0047257 -1500933.7375686
-2298986.0552517 -1473198.7455195
-2354973.9036521 -1577715.9542577
-2354828.2655850 -1578211.3121235
-2354946.9568346 -1577776.7497902
-2354906.3154920 -1577518.8881677
-2304368.6834589 -1503678.2671011
-2262134.6394182 -1477005.0823009
-2279021.9488626 -1566892.3451131
-2246340.3210363 -1583673.4255225
-2173394.6878577 -1539381.7387167
-2355097.5362091 -1578506.1886631
-2314173.1648727 -1505428.5370252
-2315702.0330347 -1499575.1519057
-2354778.2716092 -1576526.5973932
-2393728.0134995 -1569295.1958854
-2331724.9080637 -1498353.5890891
-2354764.0066248 -1575466.5025714
-2375055.6513889 -1448391.5419375
-2396469.7496286 -1567587.2952333
-2382303.9625480 -1502860.6695788
-2351494.6266381 -1581928.0882480
-2362210.1155231 -1574561.6863928
-2396898.1422364 -1567777.0119825
-2365997.4920531 -1506997.8699348
-2344886.5700677 -1580460.1226684
-2299157.3235584 -1571322.3935495
-2271570.0754575 -1597604.7831926
-2264951.6218980 -1606436.8836667
-2251617.1160556 -1641417.2347187
-2229537.5275560 -1458620.3581459
-2248178.7882783 -1681314.8533188
-2217112.4600039 -1443783.2222178
-2225344.1840854 -1504708.8084154
-2108276.5698610 -1444148.2700190
-2216704.7093057 -1545334.3821521
-2245740.4642140 -1566705.1815810
-2244781.0280909 -1564319.9679831
-2323728.9826643 -1495164.0928141
-2364711.8278103 -1478184.1074612
-2244953.1066012 -1565707.1842202
-2249733.5813606 -1571070.6714273
-2249740.2431543 -1508876.5340284
-2293900.1387108 -1507113.7705088
-2293081.0902452 -1631129.0031707
-2206540.0131793 -1600833.5993589
-2276516.6997224 -1598919.9312244
-2301679.7848478 -1540386.9989421
-2238979.7455577 -1643861.5589314
-2263584.9542128 -1617289.9701883
-2296550.7723000 -1590548.7599623
-2351333.8658291 -1581058.0030434
-2313840.8882865 -1502039.6757160
-2229134.7532198 -1555433.2775153
-2244143.7945633 -1563579.7463336
-2244117.7387074 -1563391.9349137
-2244144.2356907 -1563623.5001368
-2355246.3822248 -1579020.1310997
-2354963.6028909 -1577872.5715462
-2354892.5435553 -1577419.8407158
-2357043.9687198 -1581152.7179013
-2279655.2006523 -1448011.5819570
-2354767.7374434 -1575525.8680862
-2366769.1320578 -1581742.4512200
-2383633.9620901 -1504971.1450343
-2342722.5395438 -1571768.1199255
-2354732.9735183 -1576324.9448424
-2354710.9401171 -1576393.2911487
-2393667.5599760 -1570232.3333787
-2397128.3910232 -1567093.1094195
-2391512.7560990 -1520346.0144710
-2351130.2076351 -1582102.6487776
-2364261.2852293 -1577240.9061383
-2396702.1847134 -1567972.3883258
-2392556.7382617 -1570887.1662348
-2296272.9669346 -1509472.9447203
-2271737.9899365 -1597480.2408824
-2264768.3614134 -1605521.2532221
-2265436.6123917 -1606237.4155914
-2265484.7597252 -1606274.6706386
-2265536.4200513 -1606333.7282146
-2209778.0846762 -1675508.8059935
-2296852.0202464 -1635867.1373899
-2306729.0234176 -1499933.4194614
-2298196.5217462 -1461771.7866663
-2244762.4964428 -1564526.4715524
-2244586.9360880 -1564053.2009381
-2282161.0012193 -1559703.1504323
-2324124.3884033 -1495072.7899225
-2349067.7056146 -1497626.6767301
-2243320.5988411 -1562160.9569664
-2249689.6878071 -1571019.2283165
-2323558.7777912 -1519045.2215024
-2209248.9804486 -1641599.6446917
-2310533.7291427 -1583795.9094116
-2305843.5246064 -1578974.6689603
-2207876.9835590 -1600160.4872026
-2178906.1465211 -1682203.8967317
-2312546.5348436 -1558761.7291421
-2209043.1765924 -1598863.0479706
-2217074.3992777 -1605843.9526294
-2288701.3503927 -1451133.8498952
-2269897.8572411 -1545187.6267876
-2359791.3437398 -1580827.6986957
-2267925.8579736 -1552608.6193964
-2271835.9880025 -1533002.4013264
-2268745.6425385 -1550684.3044279
-2300256.5072034 -1509407.5594998
-2269260.8316864 -1539813.6544138
-2219973.4807247 -1569753.2852760
-2354763.2092111 -1576280.7171491
-2354684.8445394 -1576497.1204894
-2357080.4566194 -1570398.2420303
-2344157.1362221 -1605336.1776077
-2355918.9111361 -1580522.2649490
-2354542.6055090 -1578103.6364152
-2354772.4796107 -1575382.8628828
-2355773.6570021 -1580286.5512724
-2344688.7698759 -1580071.2397563
-2379717.5979624 -1500713.8714465
-2397125.0801739 -1567019.4891824
-2354629.4491464 -1579070.0000010
-2363345.9894807 -1575998.0953272
-2379929.9073477 -1500582.6850270
-2344775.7633136 -1580254.1720703
-2300075.4308514 -1570381.1382922
-2268060.6128936 -1600697.5227727
-2267785.6372647 -1601073.5964411
-2267188.4313567 -1602022.0882894
-2265896.2216895 -1603510.1418621
-2264627.3976399 -1605397.8955275
-2263267.4942738 -1606456.0205403
-2305613.2306802 -1499129.0353827
-2120676.8088683 -1504642.4024955
-2304827.9980992 -1498687.9270084
-2243928.1893413 -1562302.8248135
-2243828.4453287 -1562086.1615584
-2278641.2738202 -1448562.7954398
-2324853.1730957 -1493735.0055029
-2366418.6570279 -1495752.6902338
-2231786.5797971 -1558826.4586193
-2247011.7615043 -1569129.6592619
-2293464.2369124 -1510027.6958553
-2143184.6948370 -1520664.7879606
-2293774.5539400 -1506890.9769006
-2300012.5048273 -1620051.0094288
-2215353.9317911 -1603686.9403596
-2203418.3197232 -1599728.8747602
-2296496.9975372 -1562779.5646184
-2184321.2086900 -1623279.1107247
-2151933.7270346 -1582045.4109278
-2190387.8222607 -1597218.9662684
-2323288.0024498 -1495322.2464775
-2373318.1164703 -1508065.5531273
-2356917.5753141 -1581107.4149856
-2303773.4528231 -1507403.4500521
-2320995.6505485 -1496117.3534975
-2374161.6629988 -1453943.1788495
-2354786.2354718 -1575293.9442713
-2354807.5863954 -1575036.2604698
-2354741.1453269 -1576143.0874232
-2354721.9036366 -1576347.6217515
-2354739.3251714 -1576251.1539843
-2354753.9256493 -1575589.7915299
-2354780.1145213 -1575277.6826658
-2354778.5582431 -1575329.5166946
-2354740.6082677 -1576307.5817236
-2379386.6192369 -1447339.3680250
-2417681.2256600 -1443357.5936777
-2387094.3911103 -1525238.6350685
-2396550.5882288 -1568108.4345429
-2394123.3798171 -1570040.2865913
-2382627.7619202 -1527335.8546548
-2340865.4349553 -1464957.8206381
-2295970.6041483 -1509521.9639823
-2301474.4242397 -1568725.9554899
-2267582.1671621 -1601580.0163249
-2265587.7116787 -1604015.0528689
-2265457.4483846 -1604187.4622171
-2265154.6280997 -1604384.3624995
-2264562.0465417 -1605303.1098037
-2195704.2823458 -1519490.9448044
-2273819.4426358 -1532204.5188044
-2278274.6645670 -1448787.1860441
-2232163.8216540 -1553898.7368492
-2235440.7253331 -1552915.6035071
-2268687.6299154 -1541004.2244774
-2298413.7637126 -1477291.5579686
-2317401.7441988 -1498229.2305831
-2355436.3586533 -1483362.4758327
-2283990.1281559 -1449777.4386546
-2243110.9370037 -1547558.3719470
-2294902.4298837 -1508660.4179828
-2142398.6066867 -1517476.2328802
-2295298.9615554 -1507985.2096451
-2210875.0363779 -1602152.0593504
-2197767.0140059 -1635013.2526411
-2165301.8683128 -1533982.8386956
-2223815.9117312 -1653307.5073887
-2305592.0353764 -1553006.1473197
-2150323.8292130 -1441373.4506563
-2308656.6872743 -1597728.6736479
-2319316.2470143 -1496957.0606173
-2303799.7330023 -1507394.8413017
-2324924.6087387 -1486998.5159115
-2356604.9043519 -1580979.0971684
-2295574.9578174 -1461698.8911791
-2293438.7307615 -1501723.1636340
-2357652.4313086 -1581586.6800306
-2354754.8100324 -1575816.2040247
-2354777.2508379 -1575394.1784974
-2354782.9141963 -1575320.8224412
-2354778.7774906 -1575337.4354047
-2354757.6737779 -1575575.5330249
-2354744.3974155 -1576036.3683858
-2354691.3055544 -1576596.0028750
-2380843.3039884 -1469491.4688356
-2393244.0529125 -1570312.1217172
-2372870.5678101 -1506757.1393656
-2358176.9096626 -1492962.7073098
-2385916.0174910 -1544585.6492096
-2391210.4263508 -1517005.9983655
-2428196.1442436 -1442242.1348640
-2394467.6816629 -1569818.7617307
-2343429.4614857 -1568634.4412984
-2294949.7143265 -1508734.4317883
-2301028.6103804 -1569256.8559868
-2265106.2226788 -1604436.7411946
-2264684.3035169 -1605126.2869897
-2264637.1635719 -1604768.0949623
-2199594.1322044 -1445751.4882394
-2304698.4365505 -1498608.4164665
-2166358.4516206 -1626006.5574166
-2285711.6945415 -1450147.3790401
-2302245.0414598 -1497591.2504465
-2305717.8179250 -1533585.4093072
-2283520.0118179 -1541933.8168756
-2301922.7989385 -1496391.4326085
-2317006.1600575 -1498521.4306742
-2356548.7640165 -1499426.5233329
-2376896.3609258 -1447805.4476090
-2220173.7660240 -1573329.9596521
-2295659.1923386 -1507899.1616955
-2294542.2147511 -1507423.2204856
-2170222.5720495 -1538284.0861461
-2311505.5363769 -1533213.6177689
-2308540.3620888 -1574326.1765943
-2261916.4607293 -1544056.1943901
-2306017.4435009 -1585159.4367708
-2172472.3480706 -1671321.5236573
-2189794.9742525 -1626639.1524218
-2190933.6771035 -1518568.6627003
-2259620.2679655 -1480621.5762823
-2302337.2912321 -1508057.4415773
-2378870.6198094 -1446871.4885979
-2289643.8396522 -1451800.5336932
-2354754.8553262 -1576005.8356994
-2354749.0054385 -1575896.8053086
-2354716.3358511 -1576417.8528127
-2354842.4442438 -1577371.1300955
-2359178.2839389 -1581652.4819475
-2343281.2254141 -1574827.9742603
-2321908.7673378 -1496169.9626489
-2343737.1903371 -1507705.6651671
-2343416.7640000 -1607523.9641673
-2395301.5762801 -1557642.6720033
-2393796.4744106 -1570141.4171675
-2364110.3559058 -1533609.0708503
-2388859.5231815 -1512551.0024382
-2412825.1565081 -1504586.4134691
-2377034.1817606 -1508593.5209121
-2437525.0996480 -1434802.3911890
-2415662.5563714 -1444206.1299310
-2342904.5552326 -1574312.8000570
-2344388.8766635 -1579480.0491111
-2215540.6033165 -1616011.0560323
-2302590.6517259 -1567469.7983927
-2276286.6402414 -1592575.6868534
-2264727.5717437 -1605349.4320987
-2196385.8015733 -1441879.3979132
-2144840.2916620 -1416202.7291971
-2276054.5824251 -1461837.2713769
-2148603.0693496 -1479847.4695517
-2305856.8904214 -1499378.7398286
-2304258.2188484 -1498094.3594059
-2272572.5005087 -1532778.3803854
-2274500.4337307 -1463672.2335033
-2303974.8851536 -1507322.5090694
-2317553.1215396 -1498121.6516616
-2366389.1664937 -1494855.9346469
-2403600.3707144 -1429909.6031738
-2266170.4954382 -1554254.8343676
-2294134.9117749 -1596323.2121931
-2296119.8204959 -1508203.5782453
-2315000.1708843 -1513268.8704454
-2114990.2290519 -1531073.8005603
-2210720.3502783 -1601795.6084495
-2326531.5921135 -1526374.8382284
-2293938.1472010 -1510683.6453531
-2206091.0235289 -1601365.7436715
-2219435.2562033 -1698095.3018655
-2185871.3779312 -1564712.7739410
-2295471.0305223 -1509951.5824394
-2325580.7436887 -1496772.8464418
-2326427.9769155 -1489070.8885141
-2303807.2933852 -1498072.0529053
-2354759.9462682 -1576219.2666574
-2320936.2050023 -1496162.9787779
-2393344.1412632 -1570273.5217128
-2393830.9123303 -1570108.8510770
-2384090.0238706 -1505211.5159397
-2384003.6282987 -1505151.8604664
-2389056.9459808 -1513093.7597099
-2374863.4022912 -1502063.6518018
-2345306.2539323 -1581371.0070105
-2344675.3027368 -1580042.8514394
-2345676.6103635 -1583025.9432639
-2338893.6267017 -1476608.7251412
-2387375.2416444 -1510112.0164802
-2354805.5206555 -1584580.3518690
-2372778.4407823 -1480576.4739041
-2449012.5691452 -1427529.8197732
-2418410.8463404 -1463586.1209323
-2345141.8598680 -1581426.9324419
-2380222.5073647 -1451473.3124409
-2289704.5385861 -1601727.3939470
-2298427.8959872 -1572399.8335797
-2264185.3694438 -1606757.5233693
-2200798.6354972 -1445682.3638145
-2163421.3308624 -1470054.4551004
-2281466.1379464 -1530417.8555290
-2121694.6387517 -1503438.5883488
-2264861.8090149 -1478142.3331534
-2305492.9989677 -1499118.9323380
-2364186.6657082 -1512096.3785871
-2268809.3432214 -1539634.9965353
-2235233.0834407 -1560889.8020938
-2317895.8142195 -1497880.0327787
-2303746.8215913 -1498192.5059044
-2367740.4580650 -1485626.2152226
-2387574.0614054 -1436371.8808710
-2241596.2729084 -1555835.2769427
-2268668.8697457 -1578847.0221106
-2294596.9436469 -1508445.9856770
-2291245.8717106 -1588634.0193741
-2273716.4907777 -1537246.2825409
-2362369.4916116 -1515787.0947546
-2366751.5056312 -1515461.4089685
-2303295.7234093 -1508710.0260078
-2141473.7337195 -1567594.9598066
-2254668.9515130 -1538920.0629284
-2216670.9036793 -1615091.6893745
-2209950.9732400 -1600396.5506880
-2373796.1816893 -1452830.7115225
-2359256.8093265 -1581096.9885002
-2354767.3272628 -1576585.7351158
-2354755.8642710 -1576341.1058341
-2342728.7010827 -1572793.4834157
-2395058.3242641 -1568964.9539501
-2373888.8940440 -1506536.4426626
-2394428.6099338 -1569834.4335917
-2429543.7906797 -1441188.1472521
-2436759.4114424 -1435327.9593652
-2414626.6251159 -1445238.9375610
-2427760.1157551 -1440532.3568091
-2361070.1979594 -1491148.2138511
-2358898.8746659 -1475396.9789375
-2387910.7732881 -1510771.3111265
-2388766.4966811 -1512414.2250251
-2356546.9062918 -1585266.5206277
-2346920.1514139 -1495249.4408181
-2414060.1019891 -1446021.4054196
-2397528.7918965 -1563368.9584448
-2345245.5510525 -1581151.5706035
-2187946.3508880 -1652497.8015272
-2264979.3812194 -1604665.0757322
-2206911.2489756 -1442602.4075969
-2196076.0365927 -1440982.7686204
-2163817.2150915 -1432265.3717344
-2302474.7492167 -1494911.8805472
-2273346.1955151 -1462493.9122743
-2121143.8310122 -1496562.8419067
-2276512.7245316 -1462522.5400443
-2305326.2094967 -1499010.0160266
-2304801.0724625 -1498668.1697243
-2266725.1917945 -1555456.7684193
-2228822.9346955 -1553038.1736060
-2292659.4225820 -1511304.1765280
-2379904.9737987 -1447940.5204851
-2367778.2016863 -1485787.2579252
-2360112.7224964 -1477632.9928605
-2418630.5603207 -1510288.6556039
-2219486.4349441 -1542011.1567713
-2296297.5998805 -1508306.1774128
-2299145.3395057 -1626981.6287027
-2294999.3322322 -1594960.4533385
-2182975.4292198 -1604353.4080692
-2366573.3640029 -1515959.1148778
-2360760.2984184 -1522212.4530558
-2211886.7309927 -1630991.0596406
-2142373.9247081 -1633025.0638625
-2269079.8205503 -1639224.8175447
-2178485.0836013 -1650545.1887705
-2307022.7489732 -1505539.6316015
-2315479.7425080 -1499788.3471668
-2358757.8793103 -1581349.6937284
-2327362.9826061 -1490892.2840438
-2395924.9452577 -1567816.1541356
-2374388.4696020 -1506519.4574225
-2344433.7304463 -1579546.3344637
-2396507.7483248 -1567883.7197891
-2418495.2583401 -1463419.4586672
-2414246.5172392 -1445782.1357305
-2416100.8244857 -1443908.8035043
-2354995.5815516 -1493165.0544488
-2359860.9101409 -1586149.6036655
-2390134.8296842 -1523219.0522320
-2389982.4845070 -1523349.5035620
-2390680.7454362 -1522323.6973085
-2372923.0881989 -1506825.6028129
-2332114.2101490 -1453061.6452635
-2351559.3123945 -1450900.9975552
-2376882.8024748 -1518333.1713812
-2140577.6914769 -1572680.4195377
-2265971.4530528 -1605905.9322096
-2115351.6902486 -1410288.3761044
-2191244.5221385 -1523379.8268064
-2167479.5426638 -1433563.2257759
-2173111.1065547 -1539166.7915401
-2270730.6653444 -1534998.2144060
-2125474.0525506 -1500161.4246370
-2123680.2744094 -1501905.6485595
-2314001.2037161 -1492931.5068244
-2305639.0169845 -1499217.3798714
-2304300.9434870 -1498128.9772374
-2275793.5160578 -1573443.0145451
-2270187.0735145 -1542202.0509040
-2302708.0928558 -1498651.5383622
-2317024.1632260 -1498507.8279687
-2247063.5733176 -1473066.3950143
-2363927.1377752 -1496854.8783065
-2367563.8728249 -1489240.4176817
-2269846.7955603 -1462757.1025965
-2295870.2833728 -1508002.8557311
-2289056.9049981 -1589057.3538237
-2141014.9239754 -1521559.7037260
-2163254.8958380 -1646913.8621570
-2212498.7928953 -1608754.2979000
-2364804.8436982 -1518019.4343868
-2294550.9425869 -1507469.3983904
-2303160.3352998 -1607763.7286216
-2149980.6977263 -1588855.9000867
-2295409.3819865 -1579601.9055141
-2259574.9494204 -1480378.2903007
-2371879.4982451 -1591377.3093866
-2300240.2276422 -1509416.8440264
-2358278.3722865 -1580729.3436028
-2394641.0199268 -1569303.9275227
-2343934.7728757 -1578299.0095358
-2344415.2422724 -1579494.8280556
-2372406.4072481 -1495927.8431882
-2396712.0137019 -1567590.7468592
-2394128.1841183 -1565870.9118601
-2397406.4502684 -1566375.2527195
-2396602.5034429 -1559931.5411619
-2397294.7547506 -1566512.6686852
-2413046.3938026 -1446920.1267357
-2377273.6539541 -1510999.2603131
-2358098.8421820 -1585489.0367050
-2354398.1468523 -1493058.0059377
-2349689.4551832 -1497305.8664038
-2344996.3086368 -1580674.8147099
-2305290.6970612 -1562585.7548877
-2256982.7378536 -1604613.1569957
-2200549.3743432 -1445749.2046352
-2373765.1280981 -1446591.3311899
-2152320.9968303 -1405619.3945854
-2104777.8304458 -1390153.3579060
-2303667.2842673 -1496852.9546901
-2244319.0445612 -1471324.3213468
-2116714.2013206 -1506580.0924378
-2121534.5284800 -1503306.3579521
-2304388.7211559 -1498203.0904720
-2304846.0184490 -1498720.6561937
-2278209.7964014 -1448224.6581315
-2270406.1480126 -1537295.1199130
-2275815.5503300 -1550564.6851616
-2295129.7900655 -1497129.6737267
-2316942.4710619 -1498569.9863091
-2283507.4880573 -1449701.2926647
-2368223.8008680 -1488025.9504837
-2368229.5880870 -1488739.3087403
-2272604.5621353 -1578294.1498288
-2203996.8765776 -1612362.5428098
-2296513.9633847 -1590587.6466185
-2264468.9978658 -1515186.2804610
-2153911.9328756 -1632848.4382570
-2309995.7807356 -1572413.8647288
-2363351.3757321 -1519607.5398256
-2215179.9164736 -1600333.4665915
-2294467.6607994 -1572611.0608135
-2143864.6711485 -1641632.9035224
-2296468.7648755 -1637081.8835097
-2208360.2696043 -1596213.2812300
-2343533.2014711 -1576007.8289675
-2380701.4521073 -1447658.2420623
-2356904.5013563 -1570521.1957383
-2343853.2448894 -1578154.8301290
-2380389.9859690 -1501002.6745778
-2380844.4032008 -1501390.7166018
-2370353.0706189 -1501537.3848736
-2374299.3715550 -1502150.8864491
-2375123.0982653 -1502049.4086623
-2376771.6039444 -1501664.4841452
-2372120.4270715 -1496197.6954806
-2345040.0530570 -1580693.2507760
-2397422.4809445 -1566301.0453847
-2397260.9884167 -1562150.7248781
-2448941.4503927 -1427648.6759641
-2397563.8011155 -1565142.2541101
-2364331.0342230 -1581745.4857898
-2306356.6472874 -1563066.6947195
-2314453.4378080 -1459412.4631069
-2141389.0951555 -1411376.1220115
-2378375.6277206 -1464659.8239705
-2173394.5211320 -1539375.7836947
-2321655.7934624 -1502274.6655260
-2188809.3120165 -1519510.8730535
-2302905.6170222 -1495245.5553848
-2280293.5722673 -1457520.9840244
-2104178.4829318 -1384451.7014071
-2118484.9022006 -1505775.5669365
-2306307.8531461 -1499589.0945933
-2311454.2606149 -1468279.1909845
-2310080.4311827 -1457330.7563215
-2237374.9631462 -1566713.8062822
-2230320.9018015 -1550397.1269021
-2285962.8018065 -1450270.1647113
-2337935.4460034 -1501036.4990095
-2316866.3217502 -1498628.6913588
-2362234.8172495 -1477705.0846724
-2356288.6122171 -1480787.8770040
-2220674.8087388 -1552618.3255409
-2188946.8391835 -1611537.0722339
-2297890.6965709 -1630968.8426510
-2275690.2753522 -1564343.3980381
-2265061.9187295 -1519896.0533777
-2310367.3805016 -1572739.7266065
-2360185.9634481 -1522658.1373167
-2279811.0206650 -1649372.5834133
-2192229.0305100 -1599742.0271909
-2166067.8712635 -1523865.2470927
-2234130.6263716 -1593681.9971165
-2200682.7337683 -1575365.7182058
-2173000.4445857 -1578327.4836907
-2371801.5504842 -1594194.4914385
-2355475.9946233 -1572439.5689202
-2343663.3876377 -1568268.9486928
-2343508.0942268 -1568486.7429169
-2343323.5786110 -1569775.9781163
-2351158.5910690 -1581371.9380782
-2360215.6327377 -1581233.9443436
-2355103.2733614 -1573319.8441905
-2346648.2461620 -1580293.3259730
-2343464.2682067 -1568558.4532741
-2342800.1056311 -1573610.8255189
-2343795.6492647 -1577953.6269938
-2345194.8068619 -1581065.7539732
-2345485.8435903 -1585140.9532358
-2343201.0029554 -1571040.0304951
-2304421.3463758 -1575349.5293317
-2289350.6126987 -1655271.2914353
-2207849.4295241 -1437352.6263378
-2240756.5979118 -1443251.8186015
-2145069.5553672 -1418969.0418936
-2391391.2568861 -1488849.6061344
-2322818.4158057 -1503205.8327057
-2276541.6105481 -1447793.4704304
-2305621.3791945 -1499161.4185906
-2126497.4940098 -1498387.8456293
-2102747.5801503 -1387855.2482262
-2120698.2277923 -1504620.6922048
-2405754.3665526 -1507140.0139579
-2305223.6892916 -1498254.7860910
-2286351.0139755 -1450268.2599268
-2216955.2786098 -1545175.7135773
-2280390.8260042 -1452676.7205815
-2280630.9543680 -1448661.8623061
-2294838.1696111 -1510637.3504482
-2317053.2823145 -1498486.0205322
-2243508.1953317 -1571503.6086044
-2356679.8911752 -1482476.9358766
-2268695.5220162 -1540393.2892795
-2282026.8876156 -1552291.6658536
-2293331.0228036 -1586545.0936605
-2274555.3140376 -1571155.9622901
-2270069.4597227 -1484031.9135839
-2247602.7094947 -1551877.8823306
-2336070.4879640 -1528668.6788284
-2300338.3009945 -1620390.0626223
-2115535.2220363 -1525370.8913175
-2121928.7240308 -1588925.5667312
-2191256.0992455 -1601520.2476345
-2311737.6947702 -1570996.7543302
-2056462.6300488 -1519813.2676821
-2190923.4668888 -1612558.7403260
-2419610.6705421 -1510706.9628528
-2354055.0151116 -1578943.4412043
-2172688.4118071 -1599006.6481202
-2295751.9498950 -1509742.1875403
-2292994.3762943 -1506875.8444805
-2293661.5982247 -1507056.7693945
-2293146.2828275 -1506915.4427920
-2292289.1824095 -1506893.7229202
-2242962.4572909 -1560142.1721276
-2363174.4984170 -1583759.8963940
-2366524.3663619 -1581478.6149069
-2352945.0895617 -1581186.9028484
-2293906.3136457 -1506944.7404923
-2300475.5948092 -1569282.7801734
-2230834.3491643 -1430002.0761962
-2141798.6035972 -1412206.3261702
-2191687.3622825 -1522750.5451398
-2122559.3686525 -1393803.7668950
-2174501.1867079 -1465624.9868605
-2377223.8726124 -1446622.8262951
-2167881.2057569 -1434054.4956702
-2132107.3235626 -1405888.8233378
-2296828.8174820 -1464184.5605069
-2230813.5417514 -1554399.4600277
-2123173.7878503 -1502610.2283884
-2101197.7385788 -1482228.2969801
-2126313.0325393 -1498566.8156657
-2313317.3981000 -1498050.6345953
-2061658.1046356 -1519466.4784246
-2215113.2134871 -1547095.2194205
-2234261.7080909 -1551183.7257634
-2285747.9958528 -1450227.6294628
-2302980.3615977 -1496728.2459453
-2317067.3210270 -1498475.4321182
-2278257.0782483 -1448171.0298326
-2355637.6831343 -1482980.2720055
-2277248.1663594 -1474259.7777025
-2233689.6861066 -1545675.7750095
-2196587.4416482 -1627202.0100349
-2250184.1341056 -1587995.7111711
-2250101.2184326 -1571496.9447644
-2304473.9367811 -1508274.1180674
-2328830.6627734 -1526645.8994734
-2304149.2459670 -1597925.2859300
-2203198.9941226 -1583592.3594110
-2109409.4975842 -1607376.6942838
-2141338.3276620 -1631932.4954518
-2309113.0393198 -1551607.3120675
-2192747.7551329 -1631119.2024548
-2173050.8771363 -1539340.1822308
-2182044.2717454 -1652373.0079988
-2219822.3619466 -1590529.7544433
-2292339.9030370 -1506804.8156896
-2243183.5532924 -1681832.3507180
-2268205.0378621 -1633703.6753883
-2310181.7042591 -1556485.7473907
-2296027.1840558 -1585520.3798255
-2166067.7983055 -1621111.4043983
-2275425.0245474 -1654335.4733554
-2113919.0516615 -1526955.5435359
-2290013.9164301 -1583257.9733385
-2157068.2048101 -1641780.6239266
-2270064.7578380 -1646482.7135732
-2209457.4924128 -1673291.9411856
-2235732.6081709 -1447416.1381304
-2229960.2509846 -1430092.9607201
-2191614.5059529 -1523113.6205039
-2123460.3105013 -1439472.7106410
-2336441.2267691 -1509306.2372307
-2371643.3568517 -1449123.6863773
-2164724.5787867 -1479438.7432259
-2302615.5878363 -1495338.6500789
-2304382.5764101 -1498176.7706471
-2279991.6811120 -1459650.5547301
-2126474.8828309 -1498567.8164655
-2166587.1131978 -1626298.8578786
-2166828.0739284 -1633209.5471712
-2133812.5197761 -1478305.5323363
-2237868.3431628 -1668091.5283349
-2252297.3515166 -1563481.5111855
-2268295.1919392 -1548604.4624966
-2293005.1827805 -1455487.0530815
-2302476.6431185 -1495856.1022306
-2317125.2300392 -1498432.2925671
-2317333.1023825 -1498279.4000006
-2356615.2754683 -1482601.3360974
-2365349.6538807 -1479042.7313100
-2271574.0160063 -1533279.5143101
-2191299.9838588 -1558537.9978749
-2271222.1366512 -1484955.8636427
-2217675.8899391 -1550461.6685684
-2294957.5990244 -1508743.6378192
-2344801.7130958 -1515648.2685571
-2253950.8388431 -1537693.1300003
-2321102.9279285 -1518237.5997960
-2235579.1392426 -1646236.1709215
-2123655.6471597 -1586768.4290551
-2142420.2446106 -1637532.3769783
-2124421.0563801 -1587072.9440626
-2247877.3437219 -1600618.7175789
-2153432.6092299 -1598060.3731746
-2309956.7708411 -1587832.0593491
-2150405.2206469 -1586927.9083313
-2150413.7898207 -1517735.6316625
-2225693.5989209 -1674914.8366528
-2221197.5413325 -1624693.8792698
-2297487.8883245 -1572416.3455654
-2267354.4928738 -1653615.3829357
-2296122.2830689 -1638532.0465246
-2249250.5624102 -1635008.4222907
-2296390.1450769 -1637339.7767707
-2269791.9487394 -1647558.4743084
-2266190.6922822 -1606321.6632247
-2173330.6216380 -1539368.0159972
-2114028.7580935 -1410839.7049629
-2115895.2101529 -1410123.3440212
-2197917.6001481 -1444422.3353364
-2144506.0847525 -1417487.4346268
-2373265.4875665 -1446643.7958201
-2323424.0850662 -1495263.0004286
-2163899.5477143 -1431596.5726109
-2374079.1142618 -1513095.2811121
-2304362.8423724 -1498179.9294427
-2305043.3718123 -1499313.6873183
-2126469.0766877 -1498401.5139745
-2120468.6529507 -1504798.5966101
-2126922.7224061 -1497601.5663090
-2248936.6844282 -1666081.2567968
-2214755.3615828 -1667689.2217039
-2258256.4976600 -1478388.7333710
-2245597.4973098 -1566411.0684239
-2298508.6153969 -1476553.7777143
-2301224.7317396 -1495929.1530450
-2321836.7769884 -1495825.9004619
-2317741.5492058 -1497988.9271535
-2356734.0408786 -1481932.9648273
-2355982.4159205 -1482870.8487441
-2217265.9452279 -1540462.9246928
-2254057.9324149 -1590136.9753776
-2239794.3264903 -1539709.5623387
-2249860.8703202 -1571484.4204993
-2292840.7160144 -1587647.2660542
-2328400.7105825 -1508156.1566098
-2329792.8430046 -1527883.6434888
-2280100.0147554 -1651610.8337196
-2194928.2183651 -1599207.8789110
-2109485.9430613 -1607301.4197612
-2145144.6797857 -1642549.9418205
-2231441.0896429 -1590827.2056599
-2221059.8752313 -1580118.9512037
-2222942.2687915 -1583303.8004938
-2242738.5519178 -1598753.3303209
-2248042.6534462 -1600209.7659689
-2251046.9551630 -1601967.7870367
-2257157.6089243 -1604808.4064181
-2262487.5522874 -1606630.6573379
-2263747.2444291 -1606878.0724182
-2262722.6850483 -1606795.3924620
-2301153.3369309 -1612964.1706306
-2310626.9051172 -1558934.9019624
-2298190.8062243 -1571732.9296513
-2265693.7052752 -1606769.8185001
-2163546.2978490 -1438494.6685910
-2341904.8404778 -1510369.3458366
-2190987.1831974 -1520932.7968292
-2120351.0309947 -1436411.4061038
-2231727.7748168 -1472863.3737649
-2145469.4449370 -1419158.7559029
-2374145.9533565 -1446567.0144586
-2295598.9776296 -1510402.2881548
-2324358.0893091 -1503260.4378507
-2305529.2531836 -1499142.9948416
-2304323.6365966 -1498140.1001138
-2302506.6665858 -1494703.0829232
-2125028.1172061 -1499236.6703754
-2165478.0699937 -1625353.1761706
-2115718.4321863 -1468615.7724572
-2228568.0694819 -1662821.8455602
-2213216.5555011 -1670038.3309496
-2256247.5381164 -1476975.6698375
-2221741.0407368 -1550434.6203421
-2301827.6496690 -1494557.7569136
-2300230.8817950 -1509425.6846962
-2326750.8914437 -1491337.4978192
-2317733.7007135 -1497994.3960516
-2370005.2934206 -1488320.3690751
-2364955.5502073 -1496737.5760584
-2275086.3013721 -1550548.6453045
-2279863.2207291 -1552722.5105533
-2249853.1049509 -1571676.7607156
-2249772.7412662 -1571347.9959728
-2156630.7686031 -1623598.1512325
-2296415.2565528 -1513574.0871227
-2324447.8484224 -1528403.1502564
-2302272.0214339 -1614499.3856336
-2276927.4467309 -1513859.2300413
-2225812.1026208 -1665861.1600309
-2146152.0146294 -1606312.0070784
-2150167.0251324 -1651060.4361757
-2234969.8938429 -1592822.0441419
-2252408.0499961 -1602744.7963036
-2254652.6123236 -1603804.5787274
-2256681.7409407 -1604609.9352126
-2258637.2757613 -1605366.8527071
-2260025.0363958 -1605886.5635039
-2264038.3023664 -1606865.6674677
-2264686.0817988 -1606875.0152659
-2264891.5533299 -1606865.8756689
-2264935.6773021 -1606878.0120356
-2264781.5305582 -1606931.4252135
-2265490.6313639 -1606800.7956990
-2212404.2080752 -1660661.0196622
-2240615.7840052 -1447343.7371141
-2232472.5909294 -1448388.9807241
-2110171.0103717 -1482714.3882163
-2259350.3123188 -1646340.2790785
-2068678.9614487 -1320374.9503510
-2142348.4540069 -1415290.8153183
-2376820.2394332 -1446591.2706500
-2299537.4107267 -1472918.1306211
-2324158.7021325 -1503245.8366839
-2154009.0836815 -1436370.0084619
-2304357.0903436 -1498174.1493705
-2302444.7798996 -1494731.8290686
-2265958.9070496 -1476729.5983200
-2108300.1271581 -1442569.3968176
-2121662.6155479 -1503737.1209070
-2250718.3939916 -1664299.9564814
-2235300.9191947 -1667373.0326430
-2258871.3751170 -1479066.0216309
-2241685.8612076 -1543958.3143363
-2302367.0636381 -1498132.7019506
-2317407.4054637 -1498225.1298253
-2327145.4093093 -1490095.7564129
-2317217.7554081 -1498363.8334606
-2401421.2049829 -1432509.5232268
-2402418.2445108 -1440303.7884942
-2242266.2539099 -1558229.4433330
-2281700.1969660 -1563296.3420584
-2270400.5614882 -1575183.9061102
-2259650.2761652 -1489282.1676560
-2173386.1365790 -1539372.8605636
-2294164.5441928 -1512078.0434632
-2340553.7370479 -1528346.1806967
-2203060.5145642 -1595501.4087900
-2291888.0754417 -1510192.4498505
-2148562.9359422 -1520927.8799122
-2126225.3030320 -1586429.0107072
-2148642.1391906 -1648695.8805665
-2221103.1298716 -1581038.9703445
-2234125.0520319 -1592356.2744772
-2260049.3269416 -1605889.9322535
-2264295.9866742 -1606859.1702349
-2264666.0320805 -1606849.7498999
-2264477.4126508 -1606863.2826081
-2264608.2199169 -1606864.0558441
-2265096.0322060 -1606808.9432057
-2265363.5893181 -1606778.7239134
-2265514.5239332 -1606759.1542173
-2265683.1039494 -1606724.7018596
-2266105.0700432 -1606366.7233930
-2172504.9439363 -1451519.9608038
-2331972.2398280 -1440618.0411415
-2088473.7470345 -1359234.8596116
-2079182.1385457 -1512157.6075862
-2075622.8457111 -1520879.7655217
-2126599.8980185 -1495741.5935624
-2164391.9860543 -1444301.6151026
-2372261.3737412 -1450218.9889518
-2298797.8284557 -1474897.1254895
-2374648.5573466 -1447490.7763555
-2164849.1491604 -1429805.5686775
-2304371.8465166 -1498160.5272117
-2302577.0654981 -1495237.1358006
-2418765.1156411 -1510211.0608285
-2108307.5108577 -1492256.7951537
-2120896.5191612 -1504398.5610530
-2233420.8571652 -1664562.0307041
-2086120.0902626 -1502254.4747062
